~o
<STREAMINFO> 1 39
<VECSIZE> 39<NULLD><MFCC_D_A_0><DIAGC>
~s "silst"
<MEAN> 39
 -7.672987e+00 -3.336357e+00 -8.319006e+00 -6.254236e+00 -7.393885e+00 -7.146384e+00 -6.818589e+00 -1.841443e+00 -2.064181e+00 -1.049160e+00 -3.633570e+00 -2.024906e+00 4.958788e+01 -2.583161e-01 -2.122777e-01 -6.368558e-01 -2.940649e-01 -4.553002e-01 -5.352260e-01 -4.525689e-01 -8.623099e-02 -1.446040e-01 -2.099220e-01 -2.510436e-01 -2.011614e-01 3.132827e+00 3.333661e-01 1.660590e-01 3.119880e-01 2.801798e-01 3.257612e-01 3.270253e-01 3.407670e-01 1.544046e-01 1.317628e-01 1.633089e-02 1.454292e-01 5.749051e-02 -1.699511e+00
<VARIANCE> 39
 1.477834e+01 1.538464e+01 2.301612e+01 1.712947e+01 2.225482e+01 2.907713e+01 2.582426e+01 2.813000e+01 2.664102e+01 2.233008e+01 1.870728e+01 1.857064e+01 3.429855e+01 1.863943e+00 1.083822e+00 2.221763e+00 2.003519e+00 2.291982e+00 2.535599e+00 2.496175e+00 2.227478e+00 1.933974e+00 1.989215e+00 2.013167e+00 1.666467e+00 2.949013e+01 2.931151e-01 2.095556e-01 4.278792e-01 3.118022e-01 4.183458e-01 4.718568e-01 4.377336e-01 4.703945e-01 3.905361e-01 4.477455e-01 4.374838e-01 3.586086e-01 2.680560e+00
<GCONST> 1.129119e+02
~h "a"
<BEGINHMM>
<NUMSTATES> 5
<STATE> 2
<MEAN> 39
 2.944777e+00 -3.980116e+00 -8.614773e+00 -1.463890e+01 -4.813729e+00 -1.734031e+00 -1.294873e+01 6.047055e+00 -5.584162e+00 1.078949e+00 -8.330164e+00 -3.833885e+00 7.167267e+01 1.403633e-02 -9.640221e-02 -1.091974e-02 6.655960e-02 -7.381911e-02 -1.323063e-01 -9.998683e-03 2.528126e-01 5.162605e-02 -6.379272e-02 -8.364201e-02 4.103141e-02 9.712368e-02 -3.596430e-02 9.672615e-02 5.829524e-02 1.887158e-01 -1.747059e-02 -1.326604e-01 1.735395e-02 -9.799271e-02 1.227023e-02 -4.512662e-02 1.268068e-01 7.783496e-02 -9.974690e-02
<VARIANCE> 39
 1.938942e+01 6.027204e+01 5.113671e+01 6.482090e+01 4.095026e+01 7.682304e+01 5.644234e+01 8.537766e+01 7.879254e+01 9.194523e+01 7.492089e+01 4.664716e+01 8.175977e+01 6.895458e-01 1.618230e+00 1.324887e+00 2.072385e+00 1.955996e+00 2.313018e+00 1.838259e+00 2.244027e+00 1.835894e+00 2.399859e+00 2.222474e+00 2.093266e+00 1.310218e+00 1.374059e-01 2.196269e-01 2.155162e-01 2.854066e-01 3.068133e-01 3.250291e-01 3.508095e-01 4.122784e-01 3.204170e-01 3.680297e-01 3.400325e-01 3.049352e-01 2.622552e-01
<GCONST> 1.158980e+02
<STATE> 3
<MEAN> 39
 2.717472e-01 -1.563403e+00 -7.886011e+00 -9.071941e+00 -4.357414e+00 -4.652325e+00 -1.324194e+01 3.919032e+00 -1.201460e+00 7.398903e-02 -7.640192e+00 -3.250178e+00 6.764845e+01 -1.114788e-02 2.846468e-01 3.803760e-01 3.770314e-01 -1.856312e-01 -2.766993e-01 1.889939e-02 -3.006682e-01 -1.010727e-01 -1.755653e-01 3.695436e-01 7.703498e-02 -7.454915e-02 -2.599248e-02 -3.272409e-02 5.643461e-02 -6.606970e-02 -9.180839e-02 6.944538e-02 1.076299e-01 -4.032436e-02 -3.356343e-02 2.984146e-02 1.773794e-03 -7.513563e-02 -1.704014e-02
<VARIANCE> 39
 6.259398e+01 4.569792e+01 5.400095e+01 5.338649e+01 4.305215e+01 7.458727e+01 8.017368e+01 9.257359e+01 7.435085e+01 5.616211e+01 4.755071e+01 3.863903e+01 8.136007e+01 4.009128e+00 3.135077e+00 3.103134e+00 4.182206e+00 3.971642e+00 5.486300e+00 6.590027e+00 5.466187e+00 4.614106e+00 3.467821e+00 3.540000e+00 2.767424e+00 6.345548e+00 6.260851e-01 4.384057e-01 4.598115e-01 6.680999e-01 7.184682e-01 9.271235e-01 1.149799e+00 9.229395e-01 7.372561e-01 6.000897e-01 6.209175e-01 5.150919e-01 5.747953e-01
<GCONST> 1.381743e+02
<STATE> 4
<MEAN> 39
 -2.593721e-01 2.291260e+00 6.715151e+00 -8.131524e+00 -1.378833e+01 -7.385923e+00 -1.201135e+01 -9.073168e-02 -8.138284e+00 1.228241e+00 -2.809909e+00 -2.287962e+00 6.919389e+01 -3.639056e-02 2.818932e-01 1.323271e-02 1.139463e-01 -9.728833e-02 3.102549e-01 3.718466e-01 -2.735956e-01 -6.487850e-02 5.441780e-02 4.859830e-02 -8.992489e-02 -2.524381e-01 3.761282e-02 -7.505567e-02 -2.392633e-01 -3.880389e-03 2.068177e-01 4.205129e-02 -9.078858e-04 9.839399e-02 1.296616e-01 -2.991926e-02 -1.596974e-01 -3.459144e-02 -2.646712e-02
<VARIANCE> 39
 2.294261e+01 2.959666e+01 9.843356e+01 6.859082e+01 7.158005e+01 8.138205e+01 5.277323e+01 1.082545e+02 7.125688e+01 4.354971e+01 4.429840e+01 3.196936e+01 4.755690e+01 1.070042e+00 1.631186e+00 3.495380e+00 2.893113e+00 4.753490e+00 3.206269e+00 3.456282e+00 3.527258e+00 3.103889e+00 3.136052e+00 2.716608e+00 2.456976e+00 1.932151e+00 1.479316e-01 2.563298e-01 3.647014e-01 5.314729e-01 6.528248e-01 5.742056e-01 5.841590e-01 5.626479e-01 4.965436e-01 4.911244e-01 3.814324e-01 4.116953e-01 2.343938e-01
<GCONST> 1.247015e+02
<TRANSP> 5
 0.000000e+00 1.000000e+00 0.000000e+00 0.000000e+00 0.000000e+00
 0.000000e+00 7.367770e-01 2.632230e-01 0.000000e+00 0.000000e+00
 0.000000e+00 0.000000e+00 8.011467e-01 1.988533e-01 0.000000e+00
 0.000000e+00 0.000000e+00 0.000000e+00 7.668900e-01 2.331099e-01
 0.000000e+00 0.000000e+00 0.000000e+00 0.000000e+00 0.000000e+00
<ENDHMM>
~h "b"
<BEGINHMM>
<NUMSTATES> 5
<STATE> 2
<MEAN> 39
 1.891933e+00 4.396367e+00 1.282962e+01 -4.830787e+00 -1.747754e+01 -6.529438e-01 -9.931387e+00 -7.614352e+00 -4.556636e+00 5.187413e+00 -6.180478e+00 -3.152208e+00 6.392261e+01 -5.457916e-02 4.001550e-01 -7.341796e-01 4.001073e-01 1.099834e+00 1.290032e-01 3.434074e-01 4.951417e-03 -1.156473e-01 -2.831186e-01 -2.172698e-01 -2.217005e-01 -7.002796e-01 -9.473828e-03 5.196928e-02 -1.667946e-01 1.050330e-01 1.970375e-01 1.555711e-02 -1.315613e-02 3.209638e-02 9.127811e-02 -1.731685e-01 3.251138e-02 7.614093e-02 -1.170579e-01
<VARIANCE> 39
 6.903736e+00 1.428755e+01 1.053753e+02 2.909925e+01 1.171754e+02 2.906584e+01 1.909878e+01 6.798887e+01 4.034856e+01 1.792065e+01 2.699215e+01 2.925768e+01 1.750401e+01 3.683230e-01 6.498544e-01 1.861503e+00 1.337780e+00 1.835697e+00 1.802300e+00 6.830201e-01 1.483643e+00 2.651144e+00 1.173305e+00 8.112543e-01 1.108417e+00 5.391293e-01 5.872615e-02 1.400133e-01 3.365680e-01 2.832660e-01 2.576444e-01 4.400248e-01 1.475977e-01 2.624576e-01 6.618591e-01 2.752377e-01 1.597855e-01 3.300960e-01 8.797738e-02
<GCONST> 9.716481e+01
<STATE> 3
<MEAN> 39
 3.809943e+00 7.385715e+00 2.470031e+00 8.418649e-01 -7.079802e+00 -5.505538e+00 -1.100363e+01 -9.694844e+00 -7.253984e+00 -5.847655e-01 -7.852879e+00 -1.460706e+00 5.869482e+01 -5.491486e-01 2.430740e-01 -6.822611e-02 7.481331e-01 1.092746e+00 3.136732e-01 3.695287e-01 1.424773e-01 -2.721026e-02 -1.054900e+00 1.579500e-01 1.996619e-01 -8.661747e-01 -1.385465e-01 -2.398987e-01 -1.072618e-01 -9.035923e-02 -4.503804e-02 1.328632e-01 2.380865e-01 2.631735e-01 -4.495189e-02 8.104012e-02 -1.198702e-02 -6.845094e-02 5.426547e-03
<VARIANCE> 39
 9.161304e+00 1.254816e+01 1.999128e+01 9.610045e+00 3.694248e+01 2.512668e+01 4.323234e+01 6.536327e+01 4.567831e+01 2.994229e+01 1.932372e+01 2.197317e+01 7.182831e+00 1.576933e-01 6.607965e-01 8.380784e-01 9.803452e-01 1.068341e+00 1.579479e+00 2.023340e+00 1.249812e+00 8.078007e-01 1.200293e+00 8.674319e-01 2.336109e+00 2.787693e-01 4.215796e-02 6.518985e-02 1.800101e-01 1.070299e-01 2.036581e-01 2.192299e-01 3.543334e-01 2.480951e-01 1.600748e-01 2.404121e-01 1.546923e-01 2.089784e-01 2.418817e-02
<GCONST> 8.429668e+01
<STATE> 4
<MEAN> 39
 -4.495851e-01 4.402409e+00 1.594143e+00 3.371926e+00 -1.628555e+00 -5.247084e-01 -2.075205e+00 -4.341244e-01 -3.528133e+00 -1.543528e+00 -6.252241e+00 -3.623812e+00 5.481750e+01 -6.867712e-01 -5.676486e-01 -6.763050e-01 9.071124e-02 4.110882e-01 2.474402e-01 9.231246e-01 1.180183e+00 1.631764e-01 -4.555923e-01 2.587591e-01 1.228697e-01 -5.990335e-01 -2.125464e-02 -1.389212e-01 -5.488554e-02 -2.167546e-01 -2.789507e-01 -1.213920e-01 -3.044216e-01 -1.552626e-01 -4.175528e-02 -1.306973e-02 1.028596e-01 8.879131e-02 1.222476e-01
<VARIANCE> 39
 7.152115e+00 1.400193e+01 1.392506e+01 1.146463e+01 2.012679e+01 1.015045e+01 3.225874e+01 5.479881e+01 2.922181e+01 3.304425e+01 1.227808e+01 2.656089e+01 3.675381e+00 4.490123e-01 7.384660e-01 1.326635e+00 7.607071e-01 1.595115e+00 1.661271e+00 2.833994e+00 2.607700e+00 2.010715e+00 1.880708e+00 1.164425e+00 2.340848e+00 2.411720e-01 2.845869e-02 1.129433e-01 2.193850e-01 1.943314e-01 2.382941e-01 3.296269e-01 4.605888e-01 5.758141e-01 3.261415e-01 2.029877e-01 1.948444e-01 6.452129e-01 3.944302e-02
<GCONST> 9.011784e+01
<TRANSP> 5
 0.000000e+00 1.000000e+00 0.000000e+00 0.000000e+00 0.000000e+00
 0.000000e+00 7.339037e-01 2.660964e-01 0.000000e+00 0.000000e+00
 0.000000e+00 0.000000e+00 6.924949e-01 3.075052e-01 0.000000e+00
 0.000000e+00 0.000000e+00 0.000000e+00 7.190247e-01 2.809753e-01
 0.000000e+00 0.000000e+00 0.000000e+00 0.000000e+00 0.000000e+00
<ENDHMM>
~h "c"
<BEGINHMM>
<NUMSTATES> 5
<STATE> 2
<MEAN> 39
 -1.940575e+00 3.552274e+00 1.296280e+01 -9.740481e+00 -1.754900e+01 -8.753376e+00 -1.339678e+01 -1.045625e+01 -6.779496e+00 -4.055186e-01 -7.649015e+00 -2.399630e+00 7.023015e+01 3.291689e-01 2.888536e-01 -3.629881e-02 -1.432673e-02 1.110606e-01 2.182596e-01 -6.124983e-02 -2.041398e-01 -5.662438e-02 5.128185e-01 -2.648669e-01 -3.646341e-01 -5.887076e-01 -1.433008e-02 5.489773e-02 -3.601420e-01 1.889858e-01 3.535338e-01 -1.739402e-02 1.485184e-01 -1.652429e-02 9.929039e-02 -7.422197e-02 -5.911239e-02 2.875480e-02 -1.564949e-01
<VARIANCE> 39
 2.320181e+01 1.571390e+01 6.700266e+01 1.396983e+02 5.247443e+01 6.371266e+01 4.742907e+01 5.201980e+01 5.391153e+01 3.348628e+01 7.373833e+01 1.786476e+01 2.365557e+01 1.590628e+00 2.086207e+00 4.214450e+00 6.401164e+00 4.298195e+00 3.606742e+00 2.740704e+00 1.670490e+00 1.535048e+00 2.905584e+00 1.690776e+00 2.067710e+00 1.313801e+00 2.200452e-01 2.523745e-01 7.447580e-01 8.662171e-01 6.833869e-01 7.020822e-01 4.693279e-01 3.673877e-01 3.575591e-01 5.218222e-01 3.959096e-01 4.005693e-01 1.990392e-01
<GCONST> 1.213119e+02
<STATE> 3
<MEAN> 39
 1.832918e+00 3.841712e+00 5.169802e+00 -4.226463e+00 -1.077586e+01 -7.670570e+00 -8.035102e+00 -9.523199e+00 -6.834254e+00 1.467523e+00 -6.213833e+00 -3.914279e+00 6.238725e+01 1.382811e-02 -2.485232e-01 -7.458909e-01 9.952834e-01 6.967573e-01 6.353013e-01 4.025425e-01 -5.277506e-01 7.487026e-01 -5.309028e-01 2.064229e-01 6.406463e-01 -7.973709e-01 -1.113970e-01 -1.154968e-02 2.344157e-02 1.878590e-02 -8.209992e-03 5.670634e-02 4.703830e-02 2.752526e-01 8.727320e-03 -1.892545e-01 1.523049e-01 1.144789e-01 2.726668e-02
<VARIANCE> 39
 3.230752e+01 3.747966e+01 2.429990e+01 5.006749e+01 2.053410e+01 7.046010e+01 6.538853e+01 6.552641e+01 5.828817e+01 8.022547e+01 5.231211e+01 2.511601e+01 8.155607e+00 1.412286e+00 1.884500e+00 1.508007e+00 1.967018e+00 2.019672e+00 4.046045e+00 1.820398e+00 3.595828e+00 3.356430e+00 3.021634e+00 2.620821e+00 1.443937e+00 7.034792e-01 2.070796e-01 3.484980e-01 2.746061e-01 3.847615e-01 3.791372e-01 8.102761e-01 5.234872e-01 5.583864e-01 5.145636e-01 8.404894e-01 4.589409e-01 3.349727e-01 1.325019e-01
<GCONST> 1.165729e+02
<STATE> 4
<MEAN> 39
 2.208418e+00 5.983096e+00 3.152013e+00 2.289702e+00 -4.669116e+00 -4.266151e+00 -5.938100e+00 -6.970236e+00 -5.617865e+00 2.188807e-01 -6.118257e+00 -1.341885e+00 5.836747e+01 -6.489546e-01 -1.947921e-01 -2.435884e-01 6.241455e-01 8.725475e-01 3.185405e-01 6.598812e-01 9.400051e-01 2.508873e-01 -4.619244e-01 2.847209e-01 1.977211e-01 -7.654417e-01 -1.005215e-01 -1.030995e-01 -9.222939e-02 -1.767269e-01 -8.529919e-02 -2.410351e-02 -1.214744e-02 2.120091e-01 4.337382e-02 9.648409e-02 -3.717440e-02 -5.554421e-02 1.410882e-02
<VARIANCE> 39
 8.082931e+00 1.502818e+01 1.439726e+01 1.336016e+01 5.097194e+01 2.164794e+01 4.566730e+01 5.682758e+01 2.730772e+01 3.459721e+01 3.432997e+01 1.704626e+01 7.597246e+00 2.592770e-01 1.181112e+00 1.374823e+00 1.187067e+00 1.220500e+00 2.230515e+00 1.703064e+00 1.579138e+00 1.336416e+00 1.481452e+00 1.811875e+00 8.896375e-01 1.998427e-01 3.257828e-02 1.457676e-01 1.942114e-01 2.077952e-01 2.876454e-01 3.064771e-01 2.656849e-01 2.661682e-01 2.692300e-01 2.261978e-01 3.681925e-01 1.460049e-01 2.478777e-02
<GCONST> 8.964511e+01
<TRANSP> 5
 0.000000e+00 1.000000e+00 0.000000e+00 0.000000e+00 0.000000e+00
 0.000000e+00 8.778093e-01 1.221907e-01 0.000000e+00 0.000000e+00
 0.000000e+00 0.000000e+00 7.977080e-01 2.022920e-01 0.000000e+00
 0.000000e+00 0.000000e+00 0.000000e+00 8.179985e-01 1.820015e-01
 0.000000e+00 0.000000e+00 0.000000e+00 0.000000e+00 0.000000e+00
<ENDHMM>
~h "h"
<BEGINHMM>
<NUMSTATES> 5
<STATE> 2
<MEAN> 39
 -1.796496e+01 3.488598e+00 -5.489125e+00 -7.810837e+00 1.339727e+00 -5.340103e+00 -8.836287e+00 7.368260e+00 -5.501389e+00 -3.671490e-01 -3.361303e+00 9.223669e-01 5.959749e+01 -7.617995e-01 -1.546804e-02 1.449379e-01 -5.292588e-01 -1.708406e-01 1.708658e-01 -8.421293e-01 1.023216e-01 -1.874666e-01 -1.925639e-01 -1.866941e-01 2.295414e-01 1.710771e+00 5.168508e-01 -2.666887e-01 -5.702291e-03 9.213340e-02 -2.057527e-01 3.448687e-02 -1.225052e-01 -1.927983e-01 1.379157e-01 -2.258835e-02 -4.142893e-02 -4.476198e-02 7.797842e-03
<VARIANCE> 39
 6.194783e+01 1.809239e+01 5.589820e+01 3.665308e+01 3.433230e+01 3.336368e+01 4.712597e+01 4.890285e+01 2.225402e+01 3.130658e+01 2.448359e+01 2.868181e+01 2.903912e+01 3.958429e+00 2.828901e+00 2.098642e+00 2.243563e+00 4.192625e+00 3.846918e+00 4.072917e+00 3.255481e+00 2.824295e+00 2.491565e+00 2.078456e+00 2.484732e+00 1.998177e+00 3.694661e-01 3.297138e-01 3.294189e-01 4.530514e-01 5.320818e-01 6.179358e-01 6.572164e-01 5.269244e-01 4.349722e-01 5.232825e-01 3.828304e-01 4.430298e-01 4.261595e-01
<GCONST> 1.209076e+02
<STATE> 3
<MEAN> 39
 -2.550034e+00 -1.839659e+00 -5.880136e+00 -8.774379e+00 -3.417766e+00 -3.065521e+00 -1.700447e+01 4.282033e-01 -4.770761e+00 6.538522e-02 -5.427112e+00 3.366765e-01 6.571800e+01 3.400332e+00 -2.013481e-01 -1.491980e-01 -1.650989e+00 -4.517239e-01 9.970245e-01 -2.119183e+00 -8.300837e-01 -9.544761e-01 3.383893e-02 -2.883001e-01 -3.565038e-01 2.196289e+00 -2.147036e-01 2.827545e-01 -6.514621e-02 -2.382942e-01 -1.208402e-01 1.560026e-01 3.824766e-01 1.737312e-01 -1.571735e-01 -1.096546e-01 1.849921e-01 3.981284e-02 -1.587099e-01
<VARIANCE> 39
 1.007550e+02 4.806330e+01 3.776963e+01 4.374515e+01 4.821109e+01 1.031083e+02 9.565681e+01 7.381351e+01 4.900978e+01 6.556284e+01 4.072759e+01 2.834913e+01 3.148496e+01 5.865930e+00 4.220559e+00 3.126526e+00 7.425613e+00 4.065872e+00 7.788544e+00 8.732331e+00 6.529710e+00 5.811881e+00 5.693503e+00 3.891822e+00 3.186498e+00 7.953028e+00 1.358998e+00 7.156535e-01 4.717334e-01 1.150699e+00 6.451204e-01 1.073342e+00 1.810036e+00 1.060762e+00 9.447262e-01 9.227839e-01 6.362341e-01 6.106696e-01 6.350867e-01
<GCONST> 1.435747e+02
<STATE> 4
<MEAN> 39
 6.339709e+00 -5.975470e+00 -1.031870e+01 -1.983620e+01 -6.120681e+00 -2.058374e-01 -1.646997e+01 2.760205e+00 -5.065038e+00 -3.934360e+00 -6.747197e+00 -5.985401e-01 7.415286e+01 -6.276392e-02 -3.236833e-01 -2.917905e-01 -1.389044e-01 7.590412e-02 -1.174405e-01 1.527320e-01 4.636542e-01 2.360683e-01 8.164654e-03 -3.048558e-01 -3.124316e-01 3.466960e-01 -8.185439e-02 1.558649e-02 3.964379e-02 1.806177e-01 1.910178e-02 -9.882014e-02 4.029755e-02 -6.849555e-03 1.079311e-01 4.119365e-02 4.351753e-02 9.520375e-03 -1.597931e-01
<VARIANCE> 39
 1.211670e+01 8.951593e+01 2.417104e+01 3.664967e+01 3.630822e+01 1.435219e+02 4.561349e+01 6.729153e+01 5.314543e+01 1.157347e+02 5.130815e+01 5.167551e+01 2.815529e+01 4.266836e-01 1.645727e+00 6.729724e-01 2.197796e+00 1.517956e+00 1.735521e+00 2.233559e+00 1.431075e+00 2.028182e+00 2.182964e+00 1.716208e+00 1.795499e+00 1.166584e+00 7.520069e-02 2.149975e-01 9.231237e-02 3.289257e-01 2.295556e-01 2.697963e-01 4.535896e-01 2.552338e-01 3.386421e-01 3.294123e-01 3.379188e-01 2.835100e-01 2.956022e-01
<GCONST> 1.086068e+02
<TRANSP> 5
 0.000000e+00 1.000000e+00 0.000000e+00 0.000000e+00 0.000000e+00
 0.000000e+00 7.448499e-01 2.551501e-01 0.000000e+00 0.000000e+00
 0.000000e+00 0.000000e+00 7.528532e-01 2.471469e-01 0.000000e+00
 0.000000e+00 0.000000e+00 0.000000e+00 9.076031e-01 9.239685e-02
 0.000000e+00 0.000000e+00 0.000000e+00 0.000000e+00 0.000000e+00
<ENDHMM>
~h "i"
<BEGINHMM>
<NUMSTATES> 5
<STATE> 2
<MEAN> 39
 -3.423740e+00 8.098699e-01 -3.522249e+00 -3.158683e-02 -2.608987e+00 -2.769649e+00 -3.521002e+00 1.219597e-01 -1.941206e+00 -2.477043e+00 -4.640627e+00 -8.226050e-01 5.311946e+01 -5.763517e-01 -3.047652e-01 -4.694325e-01 -4.014871e-01 5.235951e-02 -1.264091e-01 -1.431148e-02 2.765586e-01 -6.202653e-02 4.217933e-02 -7.155366e-03 2.118712e-01 -2.965309e-01 -1.721572e-02 3.611633e-02 2.855605e-02 -1.822205e-01 1.172049e-02 -1.539589e-01 -1.979052e-01 -5.476523e-02 -1.085750e-01 8.948076e-02 -7.363830e-02 -9.361671e-02 2.390819e-01
<VARIANCE> 39
 1.212447e+01 2.152762e+01 2.632003e+01 2.685604e+01 2.018351e+01 1.895330e+01 1.912093e+01 4.364825e+01 2.434179e+01 3.144723e+01 2.558919e+01 2.697497e+01 1.683503e+01 6.751514e-01 1.062336e+00 1.447805e+00 1.367255e+00 1.569608e+00 1.502572e+00 1.759135e+00 2.431423e+00 2.028808e+00 2.593097e+00 1.651843e+00 1.911163e+00 4.499211e-01 1.636382e-01 1.901642e-01 2.270707e-01 3.673956e-01 3.331629e-01 3.011561e-01 3.592665e-01 5.047923e-01 4.373161e-01 4.169327e-01 3.498684e-01 4.375567e-01 1.113863e-01
<GCONST> 1.014167e+02
<STATE> 3
<MEAN> 39
 -5.019770e+00 8.403952e-01 -4.730419e+00 -1.006885e+00 -2.527685e+00 -2.952480e+00 -3.233278e+00 -9.568955e-01 -1.777941e+00 -9.236360e-02 -4.114445e+00 -1.521592e+00 5.253210e+01 -5.145376e-01 -2.190250e-01 -3.566959e-01 -3.458658e-01 1.421023e-01 -3.159378e-01 -1.919375e-01 2.921736e-01 -1.586268e-01 1.846061e-01 -2.334065e-01 -1.595596e-01 3.980218e-02 1.098896e-01 -5.546039e-02 5.698621e-02 -1.258267e-01 7.307896e-02 -4.933672e-02 -1.574845e-01 6.524430e-02 -8.907200e-02 -8.564252e-03 2.013405e-02 2.957355e-02 3.632175e-01
<VARIANCE> 39
 1.265501e+01 1.177501e+01 1.553156e+01 1.966026e+01 1.605649e+01 1.744540e+01 1.775499e+01 3.257693e+01 2.559718e+01 2.842630e+01 2.044290e+01 1.528082e+01 1.393877e+01 7.858840e-01 8.938378e-01 1.320431e+00 1.691341e+00 1.899744e+00 1.541825e+00 1.810865e+00 2.770688e+00 2.756201e+00 1.890311e+00 1.464920e+00 1.683807e+00 5.609678e-01 2.662472e-01 2.351230e-01 2.997677e-01 3.119327e-01 3.551409e-01 3.514158e-01 4.045165e-01 5.639631e-01 4.781191e-01 3.768610e-01 3.201977e-01 3.282514e-01 2.429138e-01
<GCONST> 1.003990e+02
<STATE> 4
<MEAN> 39
 -8.333988e+00 -7.874957e-02 -5.871485e+00 -3.519287e+00 -7.054979e-01 -4.749137e+00 -4.227763e+00 1.568373e+00 -2.299000e+00 5.411088e-01 -4.344779e+00 -1.007415e+00 5.514037e+01 -2.510626e-01 -1.311058e-01 -1.100754e-01 -5.704232e-01 2.713213e-01 -1.109402e-01 -6.442313e-01 3.521004e-01 -3.100636e-01 8.805306e-02 -3.493268e-03 8.507964e-02 8.276992e-01 2.966864e-01 1.964404e-02 8.948331e-02 -6.373807e-02 -9.197065e-02 9.298699e-02 -1.664623e-01 5.913009e-02 2.432690e-02 -4.731122e-02 2.033851e-02 -2.166954e-02 2.367659e-01
<VARIANCE> 39
 4.495090e+01 2.969601e+01 2.532737e+01 3.237207e+01 2.710351e+01 3.562495e+01 2.515014e+01 3.959550e+01 3.499487e+01 2.639849e+01 1.995049e+01 1.788709e+01 2.838761e+01 2.835475e+00 2.386369e+00 2.626039e+00 2.331811e+00 2.336631e+00 2.848827e+00 2.861274e+00 3.534171e+00 2.915465e+00 2.647970e+00 2.084394e+00 1.714941e+00 2.009703e+00 3.484271e-01 4.200987e-01 3.889281e-01 4.886006e-01 4.278878e-01 5.628503e-01 5.665618e-01 6.586381e-01 6.215490e-01 5.544640e-01 3.608816e-01 3.547086e-01 4.759317e-01
<GCONST> 1.175052e+02
<TRANSP> 5
 0.000000e+00 1.000000e+00 0.000000e+00 0.000000e+00 0.000000e+00
 0.000000e+00 2.292629e-01 7.707371e-01 0.000000e+00 0.000000e+00
 0.000000e+00 0.000000e+00 3.259744e-01 6.740255e-01 0.000000e+00
 0.000000e+00 0.000000e+00 0.000000e+00 5.047020e-01 4.952981e-01
 0.000000e+00 0.000000e+00 0.000000e+00 0.000000e+00 0.000000e+00
<ENDHMM>
~h "j"
<BEGINHMM>
<NUMSTATES> 5
<STATE> 2
<MEAN> 39
 7.405891e-01 7.225965e+00 1.031303e+01 -5.491052e+00 -1.180690e+01 -5.324080e+00 -1.035548e+01 -6.413220e+00 -8.720533e+00 2.751853e+00 -3.664032e+00 -3.253115e+00 6.437452e+01 6.217420e-01 5.568002e-01 -1.216285e+00 1.124692e+00 1.033110e+00 5.872822e-01 7.633254e-01 -9.772270e-01 7.706257e-01 3.329296e-01 -4.439547e-01 -2.372796e-01 -1.186159e+00 -1.582714e-02 -2.140249e-01 -1.515702e-01 7.237773e-02 1.989799e-01 1.784711e-02 -8.857582e-02 4.649653e-02 1.560027e-01 -2.907041e-01 5.363534e-02 8.935327e-02 3.443025e-02
<VARIANCE> 39
 1.273654e+01 1.816963e+01 4.217352e+01 6.045823e+01 5.183727e+01 4.757787e+01 3.602486e+01 6.158771e+01 1.040311e+02 2.759417e+01 4.275306e+01 3.130231e+01 9.309620e+00 1.493314e+00 1.425388e+00 1.409773e+00 2.881408e+00 3.994996e+00 2.663022e+00 1.365788e+00 2.350718e+00 3.315639e+00 3.440800e+00 2.551378e+00 1.595166e+00 7.342436e-01 2.619228e-01 2.483543e-01 3.948964e-01 5.028327e-01 8.070477e-01 3.878849e-01 2.312853e-01 4.630989e-01 4.462429e-01 3.945815e-01 5.249530e-01 3.112411e-01 1.623515e-01
<GCONST> 1.139789e+02
<STATE> 3
<MEAN> 39
 3.950181e+00 7.010265e+00 2.091070e+00 -2.161234e+00 -8.363127e+00 -5.785687e+00 -1.258996e+01 -1.358998e+01 -8.389568e+00 -5.052482e+00 -1.026575e+01 -4.632205e+00 6.026769e+01 -2.962222e-01 -1.063225e-01 -6.928928e-02 6.607627e-01 5.556468e-01 4.838640e-01 1.178216e-01 1.424010e-01 2.982655e-01 -6.778935e-01 3.097478e-01 3.321753e-01 -9.074871e-01 -2.519927e-01 -2.661853e-01 4.581779e-02 -2.305619e-01 -2.181068e-02 5.576029e-02 1.578750e-01 4.917823e-01 -6.981506e-03 2.246262e-01 2.419532e-01 3.270585e-02 7.806129e-02
<VARIANCE> 39
 5.959692e+00 2.064637e+01 1.700001e+01 2.312759e+01 2.829490e+01 4.293451e+01 6.739262e+01 5.745588e+01 2.791928e+01 7.514488e+01 4.297523e+01 4.105609e+01 1.085013e+01 5.978160e-01 1.414287e+00 1.089684e+00 1.461298e+00 2.072034e+00 2.203286e+00 1.466654e+00 3.113092e+00 3.921650e+00 2.017826e+00 2.521412e+00 1.900311e+00 3.797727e-01 7.745925e-02 1.279252e-01 1.625223e-01 1.434047e-01 3.679948e-01 4.062618e-01 3.357215e-01 2.984689e-01 5.014637e-01 2.093907e-01 1.986650e-01 3.567826e-01 5.517360e-02
<GCONST> 1.009659e+02
<STATE> 4
<MEAN> 39
 1.528593e+00 5.674992e+00 2.858755e+00 9.625933e-01 -3.119062e+00 -7.171695e-01 -7.463468e+00 -6.547668e+00 -1.637221e+00 7.643402e-01 -1.022295e+00 -2.229816e+00 5.779261e+01 -9.546363e-01 -3.212304e-01 -6.899006e-01 2.459346e-01 9.151269e-01 3.849675e-01 6.818447e-01 1.214254e+00 3.948061e-01 -1.213402e-01 1.120945e-01 -4.999807e-02 -8.446048e-01 -1.272149e-01 -5.195308e-02 -1.177557e-01 -1.104460e-01 -9.416751e-02 -1.941370e-01 4.892366e-02 -7.696072e-02 -1.320290e-01 3.759787e-02 -2.890825e-01 -1.077057e-01 -1.011054e-03
<VARIANCE> 39
 1.085364e+01 2.113908e+01 1.504464e+01 2.104491e+01 2.227638e+01 2.158092e+01 5.240767e+01 4.842960e+01 3.909370e+01 3.095066e+01 2.961176e+01 1.711854e+01 9.006709e+00 3.198695e-01 1.265196e+00 9.522423e-01 7.472370e-01 8.719413e-01 1.924670e+00 2.090422e+00 1.763652e+00 1.391599e+00 1.185915e+00 2.181910e+00 2.296048e+00 2.955326e-01 7.392599e-02 2.069740e-01 1.636820e-01 1.798402e-01 2.375785e-01 3.845864e-01 2.128585e-01 2.781043e-01 3.509852e-01 2.931387e-01 4.653484e-01 4.309277e-01 6.931077e-02
<GCONST> 9.440545e+01
<TRANSP> 5
 0.000000e+00 1.000000e+00 0.000000e+00 0.000000e+00 0.000000e+00
 0.000000e+00 7.720882e-01 2.279118e-01 0.000000e+00 0.000000e+00
 0.000000e+00 0.000000e+00 7.469573e-01 2.530428e-01 0.000000e+00
 0.000000e+00 0.000000e+00 0.000000e+00 7.408293e-01 2.591707e-01
 0.000000e+00 0.000000e+00 0.000000e+00 0.000000e+00 0.000000e+00
<ENDHMM>
~h "k"
<BEGINHMM>
<NUMSTATES> 5
<STATE> 2
<MEAN> 39
 4.206285e+00 -6.528079e+00 -1.078358e+01 -1.535605e+01 -4.509245e+00 -1.441479e+00 -1.405133e+01 1.062034e+01 -2.656620e+00 2.219403e+00 -1.405174e+01 -5.263954e+00 7.243377e+01 -6.101899e-02 -4.560438e-01 -5.882627e-02 6.127372e-02 2.402846e-02 -9.238517e-02 1.668555e-01 6.161981e-01 -1.368054e-01 -3.448540e-01 -5.385897e-01 5.966791e-02 6.423235e-01 -3.027604e-02 1.478695e-01 5.459329e-02 7.550257e-02 -1.074257e-01 -1.337235e-01 1.004151e-02 -8.253225e-02 2.257946e-03 -4.535169e-02 1.581211e-01 1.600582e-01 -3.091909e-02
<VARIANCE> 39
 1.741825e+01 2.720437e+01 1.827368e+01 4.730064e+01 2.793831e+01 5.091327e+01 4.529004e+01 4.217435e+01 6.368813e+01 7.958127e+01 5.869154e+01 3.449719e+01 6.530450e+01 7.087083e-01 1.461939e+00 8.741234e-01 2.135987e+00 2.325887e+00 2.874703e+00 2.457146e+00 2.045377e+00 1.973957e+00 2.461481e+00 2.245220e+00 2.150041e+00 2.207061e+00 1.199138e-01 2.240036e-01 1.926307e-01 2.191156e-01 2.959002e-01 4.115119e-01 3.802114e-01 2.973023e-01 3.576888e-01 3.381116e-01 4.115018e-01 3.734879e-01 3.734410e-01
<GCONST> 1.118212e+02
<STATE> 3
<MEAN> 39
 -3.872677e-01 -1.492620e+00 -1.641239e+00 -1.083731e+01 -1.377055e+01 -9.876475e+00 -9.712823e+00 5.687311e+00 -4.112732e+00 -1.264873e+00 -8.587145e+00 -5.354580e-02 7.052229e+01 -2.578577e-01 9.078753e-01 1.100047e+00 6.848720e-02 -5.225883e-01 -2.811095e-01 -1.129359e-02 -1.211786e+00 -4.551947e-01 -1.512577e-01 8.181601e-01 5.592246e-01 -1.719358e-01 9.630816e-02 -1.348053e-01 -6.797056e-02 -1.105800e-01 2.274819e-01 2.594182e-01 -1.464545e-01 -2.655396e-01 1.825685e-01 2.747505e-02 1.035860e-01 -2.111531e-01 1.048551e-01
<VARIANCE> 39
 1.517043e+01 2.529572e+01 7.639305e+01 4.166336e+01 6.872112e+01 4.943324e+01 5.627335e+01 1.330795e+02 5.381668e+01 5.673604e+01 5.455500e+01 3.162230e+01 9.164044e+01 1.284686e+00 2.267433e+00 3.244338e+00 2.435613e+00 3.374070e+00 4.455595e+00 3.727116e+00 4.482502e+00 4.701936e+00 3.271909e+00 3.551744e+00 3.491919e+00 4.346544e+00 2.111709e-01 2.759327e-01 4.145923e-01 4.198599e-01 4.629730e-01 6.792554e-01 7.236112e-01 8.378187e-01 6.971207e-01 4.871770e-01 5.414941e-01 5.639946e-01 6.899430e-01
<GCONST> 1.292370e+02
<STATE> 4
<MEAN> 39
 -1.286881e+00 3.416357e+00 -3.371964e+00 -1.061362e+01 -6.823010e+00 -6.778097e+00 -1.293420e+01 -2.299119e+00 -5.621576e+00 1.815967e+00 -3.496199e+00 1.078646e-01 6.488472e+01 9.532405e-02 -1.651935e-01 4.811946e-01 -2.803056e-01 -6.692431e-02 -6.120902e-02 -3.229337e-01 -1.258169e-01 -8.983195e-03 1.789933e-01 4.880962e-02 1.078113e-01 5.638648e-01 2.556322e-02 -7.773440e-02 3.644092e-02 -2.678960e-02 -4.081291e-02 4.812473e-02 2.937355e-02 1.010550e-01 3.436233e-02 -3.299244e-02 -8.185614e-02 -6.166171e-02 -6.514311e-03
<VARIANCE> 39
 8.100827e+01 3.266470e+01 6.489215e+01 4.973220e+01 5.833289e+01 8.957149e+01 7.041492e+01 6.628609e+01 4.891921e+01 5.563733e+01 4.736011e+01 1.940384e+01 5.193691e+01 6.448912e+00 4.068070e+00 5.325543e+00 5.874415e+00 5.278513e+00 6.408010e+00 7.077899e+00 5.879610e+00 4.003015e+00 4.674962e+00 3.241241e+00 2.511795e+00 5.814055e+00 1.080293e+00 8.199536e-01 9.239928e-01 1.105780e+00 9.765088e-01 1.199612e+00 1.280891e+00 1.153678e+00 7.179130e-01 9.203033e-01 6.306781e-01 5.028413e-01 8.937318e-01
<GCONST> 1.428494e+02
<TRANSP> 5
 0.000000e+00 1.000000e+00 0.000000e+00 0.000000e+00 0.000000e+00
 0.000000e+00 8.120760e-01 1.879240e-01 0.000000e+00 0.000000e+00
 0.000000e+00 0.000000e+00 6.894113e-01 3.105887e-01 0.000000e+00
 0.000000e+00 0.000000e+00 0.000000e+00 9.055182e-01 9.448183e-02
 0.000000e+00 0.000000e+00 0.000000e+00 0.000000e+00 0.000000e+00
<ENDHMM>
~h "l"
<BEGINHMM>
<NUMSTATES> 5
<STATE> 2
<MEAN> 39
 -8.118502e+00 -2.321829e+00 -7.102480e+00 -5.299597e+00 -5.533096e+00 -6.946627e+00 -5.620662e+00 5.956790e-01 -2.411842e+00 -5.512532e-01 -4.812124e+00 -4.197246e-01 5.209275e+01 -1.761403e-02 -1.492730e-01 1.009424e-01 3.058172e-01 1.861570e-01 -3.233495e-02 3.348514e-02 3.528428e-01 5.889753e-02 1.224068e-02 5.945347e-02 2.351033e-01 1.829413e-01 8.914168e-02 4.722458e-02 2.967408e-02 -1.939944e-02 -2.366073e-02 6.762991e-02 9.564109e-02 -4.887929e-02 6.709981e-02 4.408947e-02 2.047614e-02 -2.349626e-03 -4.500579e-02
<VARIANCE> 39
 2.683616e+01 2.569383e+01 1.699190e+01 2.061736e+01 2.998156e+01 2.782059e+01 1.978173e+01 4.043550e+01 2.734387e+01 2.236471e+01 2.680736e+01 2.112369e+01 2.315424e+01 1.761585e+00 1.528827e+00 1.105182e+00 1.035980e+00 2.547541e+00 2.346351e+00 2.351289e+00 3.474889e+00 2.137112e+00 2.243400e+00 1.747730e+00 1.494196e+00 9.420155e-01 3.822546e-01 3.464675e-01 2.392367e-01 2.185907e-01 5.340601e-01 4.933385e-01 5.126131e-01 8.129210e-01 4.111062e-01 4.668736e-01 3.186368e-01 3.062374e-01 2.132036e-01
<GCONST> 1.081574e+02
<STATE> 3
<MEAN> 39
 -6.389245e+00 -4.283833e+00 -3.511171e+00 -3.248731e+00 -6.320669e+00 -7.733837e+00 -4.478683e+00 7.991971e-01 -2.140714e+00 -1.212645e+00 -3.871968e+00 5.930246e-01 5.466345e+01 1.217420e-01 1.620779e-01 3.590029e-02 7.082821e-02 1.000569e-01 2.012203e-01 1.453562e-01 3.472441e-02 1.493043e-01 1.161983e-01 8.922069e-02 -3.018925e-02 -2.216752e-01 2.264544e-02 5.594558e-02 6.915992e-03 -1.436714e-02 6.442128e-03 5.381297e-02 3.435577e-02 2.009392e-03 -3.885994e-03 -1.372727e-02 4.494182e-03 -2.392701e-02 -3.080129e-02
<VARIANCE> 39
 1.851340e+01 1.456743e+01 2.262696e+01 1.552872e+01 4.413443e+01 4.399089e+01 3.166619e+01 3.222866e+01 2.674143e+01 2.147598e+01 3.240708e+01 2.760917e+01 1.783944e+01 6.803159e-01 8.407896e-01 8.289360e-01 1.058315e+00 1.443018e+00 2.245082e+00 1.930872e+00 1.825126e+00 1.721924e+00 2.014764e+00 1.860303e+00 1.961581e+00 6.414108e-01 1.168816e-01 1.526200e-01 1.362069e-01 1.958764e-01 2.459636e-01 4.392517e-01 3.694526e-01 3.038465e-01 3.488666e-01 4.200882e-01 3.680331e-01 3.962963e-01 9.333203e-02
<GCONST> 9.922703e+01
<STATE> 4
<MEAN> 39
 -4.862733e+00 -6.405327e-01 -5.575522e+00 -1.522620e+00 -3.384494e+00 -4.265797e+00 -3.198708e+00 1.562382e+00 -3.928183e-01 -7.207583e-01 -3.221969e+00 -4.120376e-01 4.932393e+01 2.463645e-02 5.218904e-02 6.447192e-03 1.918646e-03 5.218104e-02 5.025963e-02 5.151899e-02 -3.818764e-02 -1.291171e-02 2.451390e-02 2.527443e-02 2.426831e-02 -6.912659e-02 -2.808398e-02 -3.713656e-02 -1.247142e-02 -3.183743e-02 1.016246e-02 -4.375926e-02 -7.251807e-02 1.367183e-02 -5.063481e-02 -1.889609e-02 -1.873743e-02 9.929629e-03 4.097563e-02
<VARIANCE> 39
 6.384453e+00 5.572200e+00 8.643459e+00 9.664154e+00 1.311666e+01 1.618729e+01 1.418457e+01 1.744466e+01 1.794705e+01 1.966690e+01 1.495072e+01 1.432012e+01 5.200942e+00 2.166345e-01 3.849528e-01 5.421142e-01 7.138328e-01 9.231577e-01 1.149912e+00 1.181796e+00 1.405101e+00 1.480847e+00 1.562017e+00 1.241931e+00 1.107652e+00 1.708497e-01 3.853838e-02 7.722027e-02 1.037484e-01 1.339920e-01 1.975224e-01 2.195900e-01 2.362542e-01 3.013981e-01 3.208266e-01 3.369104e-01 2.555604e-01 2.336081e-01 2.880888e-02
<GCONST> 7.548557e+01
<TRANSP> 5
 0.000000e+00 1.000000e+00 0.000000e+00 0.000000e+00 0.000000e+00
 0.000000e+00 7.887978e-01 2.112022e-01 0.000000e+00 0.000000e+00
 0.000000e+00 0.000000e+00 8.146260e-01 1.853740e-01 0.000000e+00
 0.000000e+00 0.000000e+00 0.000000e+00 9.170778e-01 8.292221e-02
 0.000000e+00 0.000000e+00 0.000000e+00 0.000000e+00 0.000000e+00
<ENDHMM>
~h "m"
<BEGINHMM>
<NUMSTATES> 5
<STATE> 2
<MEAN> 39
 4.986398e+00 5.800065e+00 2.288415e+00 -2.685530e+00 -1.011402e+01 -4.882828e+00 -1.223301e+01 -6.641734e+00 -7.096366e+00 3.782875e+00 -7.235195e+00 -3.071329e+00 6.285453e+01 2.908018e-01 -9.377305e-02 -4.511509e-01 1.447547e+00 8.514611e-01 5.206359e-02 8.630533e-01 -9.175381e-01 4.646954e-01 -8.441985e-01 -9.811109e-02 4.144451e-01 -9.992150e-01 -3.970399e-01 -2.582902e-01 3.712157e-01 -3.238396e-01 -1.885986e-01 1.875819e-01 5.353852e-02 3.263575e-01 8.831718e-02 -2.431671e-01 -7.615210e-02 -4.679552e-02 2.250499e-01
<VARIANCE> 39
 9.953432e+00 1.903706e+01 4.997928e+01 2.456656e+01 4.245694e+01 4.545044e+01 5.623836e+01 7.138921e+01 5.698737e+01 3.873848e+01 6.889030e+01 3.487364e+01 1.111665e+01 1.262765e+00 1.535965e+00 2.744651e+00 1.903903e+00 2.129601e+00 2.250103e+00 3.149765e+00 3.658776e+00 3.198273e+00 2.310504e+00 1.832319e+00 1.765935e+00 6.337934e-01 9.475011e-02 2.245104e-01 3.394929e-01 2.490419e-01 4.516493e-01 3.322422e-01 3.955215e-01 5.761986e-01 4.897990e-01 4.315526e-01 4.955863e-01 3.535648e-01 1.018670e-01
<GCONST> 1.115591e+02
<STATE> 3
<MEAN> 39
 2.826122e+00 4.100760e+00 2.968923e+00 -1.049217e+00 -5.714688e+00 -2.794983e-01 -7.293709e+00 -6.369985e+00 -4.026832e+00 3.951312e-01 -6.117774e+00 -4.335750e+00 6.022271e+01 -6.362674e-01 -1.940447e-01 -1.490188e-02 4.177854e-01 4.999450e-01 2.251466e-01 6.984097e-01 4.679490e-01 5.218046e-01 -1.807526e-01 3.945070e-02 2.343746e-01 -7.256127e-01 -8.151412e-02 -6.150643e-02 -1.416280e-01 -1.344328e-01 -5.944351e-02 -1.531967e-01 -4.275040e-02 1.458269e-01 -5.885907e-02 8.660810e-02 7.985847e-02 1.702768e-02 3.864345e-02
<VARIANCE> 39
 9.063164e+00 1.876643e+01 4.433832e+01 1.620531e+01 5.686246e+01 3.292881e+01 2.192171e+01 4.671729e+01 7.648064e+01 3.918933e+01 3.386395e+01 3.325637e+01 1.738053e+01 3.459491e-01 9.326626e-01 1.051827e+00 6.939108e-01 1.198023e+00 1.460387e+00 1.226465e+00 1.423023e+00 1.483554e+00 1.832470e+00 1.774921e+00 1.772167e+00 2.693191e-01 5.452497e-02 1.791554e-01 1.152139e-01 1.292304e-01 2.358471e-01 2.460763e-01 3.661689e-01 3.549699e-01 2.723866e-01 2.850690e-01 3.351044e-01 2.953122e-01 5.349533e-02
<GCONST> 9.472954e+01
<STATE> 4
<MEAN> 39
 -3.823642e+00 1.139675e+00 -1.394732e+00 -4.410191e-01 -1.685676e+00 -1.124248e+00 -1.141955e+00 4.560190e+00 7.390988e-01 -6.422042e-01 -3.781558e+00 -5.318742e-01 5.429408e+01 -2.686213e-01 -2.932296e-01 -3.679546e-01 -1.287439e-01 -9.984582e-03 -2.397365e-01 6.725866e-02 5.482104e-02 3.370518e-02 -7.083960e-03 6.818029e-02 -7.232052e-02 -2.912172e-01 3.730566e-02 6.211918e-02 -6.530049e-03 -3.209781e-02 -4.123183e-02 -2.344684e-02 -9.316619e-02 -8.515070e-02 -7.694372e-02 3.838342e-02 -1.017278e-02 -2.577670e-02 1.181501e-02
<VARIANCE> 39
 1.416491e+01 1.425440e+01 3.142724e+01 2.056413e+01 3.110498e+01 2.495557e+01 2.564783e+01 4.438622e+01 3.780740e+01 2.550280e+01 2.350582e+01 2.072877e+01 1.294295e+01 5.890359e-01 1.108140e+00 1.574188e+00 1.857389e+00 1.798374e+00 1.720136e+00 1.842842e+00 1.897964e+00 1.943660e+00 1.899860e+00 1.238862e+00 1.372006e+00 1.542557e-01 8.181608e-02 1.463946e-01 2.614568e-01 3.345891e-01 3.168930e-01 2.910670e-01 3.368591e-01 2.529709e-01 3.193014e-01 3.494905e-01 2.537714e-01 3.100328e-01 2.307616e-02
<GCONST> 9.555288e+01
<TRANSP> 5
 0.000000e+00 1.000000e+00 0.000000e+00 0.000000e+00 0.000000e+00
 0.000000e+00 6.374999e-01 3.625000e-01 0.000000e+00 0.000000e+00
 0.000000e+00 0.000000e+00 7.159802e-01 2.840198e-01 0.000000e+00
 0.000000e+00 0.000000e+00 0.000000e+00 8.490281e-01 1.509719e-01
 0.000000e+00 0.000000e+00 0.000000e+00 0.000000e+00 0.000000e+00
<ENDHMM>
~h "n"
<BEGINHMM>
<NUMSTATES> 5
<STATE> 2
<MEAN> 39
 1.635158e+00 2.255541e+00 -7.864899e+00 -1.100853e+01 -3.871771e+00 -7.771104e+00 -1.371785e+01 -5.287752e+00 -5.403761e+00 5.455065e-02 -5.113239e+00 -1.142970e+00 6.466313e+01 -3.319174e-01 -1.417880e-01 3.527717e-01 -2.357861e-01 3.197669e-01 -1.890161e-01 2.729408e-02 -1.648210e-02 -2.040804e-01 2.931577e-01 1.465687e-01 -4.249199e-03 5.020800e-01 -1.424733e-01 -2.339999e-03 1.533290e-01 -1.883475e-01 -5.198270e-04 3.588064e-02 -1.297369e-02 7.015583e-02 -9.233286e-02 6.181321e-02 2.291895e-02 7.947995e-02 1.476533e-01
<VARIANCE> 39
 3.330632e+01 2.727294e+01 5.239997e+01 8.249051e+01 5.157820e+01 5.513169e+01 7.178322e+01 3.465907e+01 8.253651e+01 4.495250e+01 3.764689e+01 3.507494e+01 6.306000e+01 4.667034e+00 2.905011e+00 6.870343e+00 6.510982e+00 3.481284e+00 4.814776e+00 9.285036e+00 4.626124e+00 7.800009e+00 4.898441e+00 3.552301e+00 3.908856e+00 7.303775e+00 6.323335e-01 5.384953e-01 9.422893e-01 1.202327e+00 5.933284e-01 8.813529e-01 1.513881e+00 7.259887e-01 1.405542e+00 1.040366e+00 7.490267e-01 6.945368e-01 1.136817e+00
<GCONST> 1.417787e+02
<STATE> 3
<MEAN> 39
 -4.523740e+00 5.721623e+00 7.977458e+00 -1.065944e+01 -7.266603e+00 -1.118877e+01 -1.092173e+01 -4.855714e+00 -1.031873e+01 1.615328e+00 -4.921324e+00 -1.493348e+00 6.888555e+01 1.082492e-02 3.009050e-01 1.396032e+00 -1.328400e-01 -7.367488e-01 -3.425052e-01 -4.369842e-01 -3.057146e-01 -5.609643e-01 -2.032251e-01 3.032521e-01 2.601480e-01 4.958974e-01 3.871005e-01 -1.415676e-03 -3.501479e-01 2.547876e-01 -8.676644e-02 2.803063e-01 -1.081398e-01 -9.972008e-02 3.631210e-01 -1.822528e-01 -2.157952e-02 -9.570467e-02 -3.136419e-01
<VARIANCE> 39
 7.108511e+01 3.768115e+01 5.850970e+01 8.846316e+01 1.113223e+02 4.361502e+01 3.270728e+01 1.002145e+02 8.920298e+01 2.595227e+01 4.226187e+01 2.588651e+01 1.678422e+01 5.305817e+00 2.759528e+00 4.547715e+00 6.900893e+00 4.713464e+00 3.604581e+00 2.010050e+00 3.418980e+00 4.006315e+00 2.690044e+00 3.484356e+00 2.995016e+00 1.899778e+00 9.089322e-01 5.965807e-01 9.127924e-01 8.167230e-01 9.374929e-01 6.889220e-01 4.931953e-01 8.093294e-01 8.061216e-01 3.484976e-01 5.960385e-01 5.912592e-01 3.460692e-01
<GCONST> 1.328897e+02
<STATE> 4
<MEAN> 39
 -2.489096e+00 -4.334603e+00 3.917867e+00 -1.404566e+01 -1.022307e+01 -9.249048e+00 -6.882935e+00 -4.436925e+00 -3.752136e+00 -7.518747e+00 -4.526855e+00 -2.073882e+00 7.557721e+01 4.316491e-01 1.394245e-01 2.701133e-01 2.410353e-01 -6.621879e-01 6.162045e-01 -1.919847e-01 -3.791002e-01 2.576783e-02 -3.575265e-03 -1.524328e-01 -3.357469e-01 -3.824266e-01 -5.922775e-02 1.503129e-01 -1.746424e-01 1.223175e-01 1.017806e-01 -1.162864e-03 1.524660e-01 -5.427373e-02 2.370477e-02 2.596418e-01 -1.246066e-01 -1.026655e-01 -2.178251e-01
<VARIANCE> 39
 1.039318e+01 8.419057e+01 1.310088e+02 8.223064e+01 7.377591e+01 2.658754e+01 7.361145e+01 2.078220e+01 7.265986e+01 8.884616e+01 4.629887e+01 1.571445e+01 3.509558e+01 8.360465e-01 2.181040e+00 2.012985e+00 1.554230e+00 2.511430e+00 1.482272e+00 2.920298e+00 1.152406e+00 1.997203e+00 5.321472e+00 1.122169e+00 1.867809e+00 7.769953e-01 1.590826e-01 2.221190e-01 2.966801e-01 4.539905e-01 2.984855e-01 1.875230e-01 4.065222e-01 1.815139e-01 3.911033e-01 5.428261e-01 3.371469e-01 2.192642e-01 7.837195e-02
<GCONST> 1.111538e+02
<TRANSP> 5
 0.000000e+00 1.000000e+00 0.000000e+00 0.000000e+00 0.000000e+00
 0.000000e+00 8.616215e-01 1.383785e-01 0.000000e+00 0.000000e+00
 0.000000e+00 0.000000e+00 8.093159e-01 1.906841e-01 0.000000e+00
 0.000000e+00 0.000000e+00 0.000000e+00 7.583907e-01 2.416092e-01
 0.000000e+00 0.000000e+00 0.000000e+00 0.000000e+00 0.000000e+00
<ENDHMM>
~h "p"
<BEGINHMM>
<NUMSTATES> 5
<STATE> 2
<MEAN> 39
 -5.192711e-01 4.301860e+00 1.974688e+00 -2.293854e+00 -6.109561e+00 -3.604241e+00 -7.713688e+00 -4.522047e+00 -6.763956e+00 8.270935e-01 -4.971034e+00 -2.698736e+00 6.070787e+01 -3.233263e-02 -2.447837e-01 -7.139212e-01 8.296391e-01 1.026044e+00 3.568008e-01 6.084409e-01 4.030015e-01 5.496010e-01 -6.970758e-01 -3.566938e-01 5.169937e-02 -5.312027e-01 -1.272046e-01 -6.390255e-02 9.253828e-02 -1.422826e-01 -3.183985e-02 6.573964e-03 2.269191e-02 2.139097e-01 2.681458e-02 8.244246e-02 6.183682e-03 -2.160290e-02 5.630656e-02
<VARIANCE> 39
 4.394640e+01 3.838562e+01 6.481102e+01 5.103401e+01 3.016661e+01 3.918520e+01 3.798945e+01 8.484311e+01 4.771385e+01 3.035946e+01 2.482637e+01 3.009291e+01 4.790568e+01 9.215605e-01 9.725492e-01 2.087826e+00 1.965699e+00 2.381505e+00 2.704388e+00 1.279148e+00 3.334475e+00 3.198776e+00 1.744120e+00 2.051411e+00 1.531033e+00 8.930182e-01 1.365149e-01 1.925416e-01 2.877564e-01 2.868589e-01 2.818050e-01 4.705977e-01 2.382503e-01 4.265870e-01 5.359695e-01 3.122709e-01 3.483680e-01 3.240763e-01 9.287877e-02
<GCONST> 1.107095e+02
<STATE> 3
<MEAN> 39
 -3.413937e+00 -1.558914e+00 -2.626763e+00 5.070662e-01 -1.918915e+00 -3.399059e+00 -4.267744e+00 2.897956e+00 -3.169165e+00 -3.932881e+00 -7.310427e+00 -9.689704e-01 5.808603e+01 -2.153166e-01 -3.771788e-01 -6.032598e-01 5.408213e-03 6.656215e-01 -1.178446e-01 1.042326e-01 4.974792e-01 1.111537e-01 6.996603e-02 -5.644026e-01 4.243121e-03 3.578394e-02 1.898142e-02 1.200348e-01 -2.316321e-02 -2.488775e-01 -2.254698e-01 -5.659837e-02 -2.296085e-01 -1.726038e-01 -2.197238e-02 3.346398e-01 1.742033e-01 1.744812e-02 3.229054e-02
<VARIANCE> 39
 2.105744e+01 2.995879e+01 4.487013e+01 4.687001e+01 3.172696e+01 4.629321e+01 1.492085e+01 5.542973e+01 3.753998e+01 4.643153e+01 2.193801e+01 2.935965e+01 6.761290e+01 8.861798e-01 1.234540e+00 1.242960e+00 1.381876e+00 1.821638e+00 1.543582e+00 1.442225e+00 2.000054e+00 1.732898e+00 1.794663e+00 1.862442e+00 1.693022e+00 6.932337e-01 1.148633e-01 1.337268e-01 2.240579e-01 2.715850e-01 3.751344e-01 3.176888e-01 2.390215e-01 3.592669e-01 3.237994e-01 3.963614e-01 3.156157e-01 3.171977e-01 8.706018e-02
<GCONST> 1.042181e+02
<STATE> 4
<MEAN> 39
 -8.659823e+00 -3.440149e+00 -4.025618e+00 -2.747978e+00 -4.475320e+00 -8.047197e+00 -3.879804e+00 9.897057e-01 -6.164001e-01 -6.026415e-01 -6.416629e+00 -4.212755e-01 5.875545e+01 4.380202e-02 -1.723668e-01 -1.838931e-01 -3.452345e-01 -1.860422e-02 -5.418426e-02 -3.621411e-02 2.073720e-01 1.537152e-01 2.622648e-01 3.311942e-02 3.142608e-02 5.677203e-02 6.698252e-02 -1.377816e-02 2.440471e-03 -7.187667e-02 -1.136812e-01 7.632069e-02 -1.063713e-01 -5.841073e-02 -6.423241e-03 -8.703236e-02 4.993172e-02 -4.260932e-02 -3.440601e-02
<VARIANCE> 39
 3.174765e+01 2.912005e+01 3.183356e+01 3.193814e+01 3.620219e+01 4.236266e+01 2.562562e+01 4.239566e+01 3.668291e+01 3.023325e+01 2.515557e+01 1.776416e+01 4.691534e+01 1.694986e+00 1.416314e+00 1.753491e+00 1.646419e+00 1.811159e+00 1.485708e+00 2.205833e+00 2.737600e+00 2.077135e+00 2.637303e+00 2.393925e+00 1.578744e+00 1.925312e+00 3.007186e-01 2.935417e-01 2.796651e-01 2.952202e-01 4.578799e-01 3.004675e-01 3.965304e-01 5.484480e-01 4.507194e-01 5.038700e-01 5.125474e-01 3.055951e-01 2.766108e-01
<GCONST> 1.120759e+02
<TRANSP> 5
 0.000000e+00 1.000000e+00 0.000000e+00 0.000000e+00 0.000000e+00
 0.000000e+00 6.345861e-01 3.654138e-01 0.000000e+00 0.000000e+00
 0.000000e+00 0.000000e+00 5.109670e-01 4.890329e-01 0.000000e+00
 0.000000e+00 0.000000e+00 0.000000e+00 7.078242e-01 2.921759e-01
 0.000000e+00 0.000000e+00 0.000000e+00 0.000000e+00 0.000000e+00
<ENDHMM>
~h "r"
<BEGINHMM>
<NUMSTATES> 5
<STATE> 2
<MEAN> 39
 5.677417e+00 5.001779e+00 -1.908942e+00 -1.274283e+01 -1.127638e+01 2.269857e-01 -1.630212e+01 -3.687321e+00 -8.253945e+00 -2.690886e+00 -1.834319e+00 1.916572e+00 6.773947e+01 -1.262104e-01 -3.132848e-01 -5.051048e-01 -2.378534e-01 5.210166e-01 9.778492e-02 -3.088405e-02 5.183341e-01 4.346477e-01 2.549492e-01 -1.917820e-01 -9.369039e-02 2.564358e-01 -7.573941e-02 -1.564784e-01 -6.776281e-02 4.021634e-02 2.036648e-01 -4.477319e-02 -8.277708e-03 3.576220e-02 1.997059e-01 2.733574e-01 -7.353862e-02 -1.671126e-01 5.001815e-02
<VARIANCE> 39
 2.330685e+01 3.257568e+01 5.822578e+01 1.253793e+02 3.410561e+01 9.264113e+01 4.521632e+01 8.984922e+01 6.105778e+01 2.973852e+01 4.386632e+01 4.060618e+01 4.042839e+01 3.424942e-01 1.213168e+00 1.091793e+00 1.687146e+00 1.430889e+00 1.281202e+00 1.826180e+00 2.332765e+00 1.658520e+00 2.643023e+00 1.700119e+00 1.412992e+00 6.057534e-01 5.464478e-02 1.653994e-01 1.811860e-01 2.298153e-01 1.925287e-01 2.395366e-01 2.910432e-01 2.986465e-01 3.076392e-01 2.852995e-01 2.665513e-01 2.314072e-01 6.370410e-02
<GCONST> 1.045261e+02
<STATE> 3
<MEAN> 39
 3.422577e+00 -2.505240e+00 -7.935701e+00 -1.483153e+01 -4.961428e+00 -7.733394e-01 -1.672021e+01 6.028097e+00 -3.210757e+00 5.807851e+00 -6.971475e+00 -2.492397e+00 7.439900e+01 -3.493788e-01 -9.746779e-01 -7.575490e-01 -1.787989e-01 8.217229e-01 1.556504e-02 6.532085e-02 9.384185e-01 1.055719e+00 3.191112e-01 -1.522396e+00 -1.283179e+00 6.698174e-01 1.832558e-02 1.174349e-01 1.279429e-01 1.296736e-01 -1.687432e-01 -7.934761e-02 1.425870e-01 -9.243028e-02 -1.071370e-01 -3.477289e-01 3.120227e-02 8.154167e-02 -1.272020e-01
<VARIANCE> 39
 1.278275e+01 2.447184e+01 3.251363e+01 8.728637e+01 2.872656e+01 7.752309e+01 4.877346e+01 1.226568e+02 6.874058e+01 4.672872e+01 9.372619e+01 3.038306e+01 5.003542e+01 3.132927e-01 8.562693e-01 1.094832e+00 1.862086e+00 1.709493e+00 2.180905e+00 2.033858e+00 1.723192e+00 1.688099e+00 2.065480e+00 1.943498e+00 1.958083e+00 4.358456e-01 4.551845e-02 1.028538e-01 8.439262e-02 1.520750e-01 1.388771e-01 2.951258e-01 2.956658e-01 2.529737e-01 2.949534e-01 2.093976e-01 4.196577e-01 3.253018e-01 5.577796e-02
<GCONST> 1.022724e+02
<STATE> 4
<MEAN> 39
 4.445050e+00 -8.494858e+00 -1.112216e+01 -1.201812e+01 -5.481569e+00 6.094602e-01 -1.845108e+01 1.046445e+01 2.140362e+00 3.130257e+00 -1.050009e+01 -7.846613e+00 7.731287e+01 2.425495e-02 1.579454e-02 -2.125181e-02 4.617449e-02 -5.469106e-02 -1.130146e-01 1.788149e-02 3.516574e-02 1.441857e-01 -8.802743e-02 -1.419837e-01 5.873623e-02 -1.099712e-01 9.294000e-03 8.951739e-02 7.570084e-02 4.123819e-02 -4.208053e-02 -6.076222e-02 -1.741048e-02 -5.957436e-02 -3.996182e-02 4.106542e-02 1.048997e-01 8.869391e-02 -8.139037e-02
<VARIANCE> 39
 7.851752e+00 1.479796e+01 3.157586e+01 4.432127e+01 3.318259e+01 3.854096e+01 4.034483e+01 5.292874e+01 8.478252e+01 2.353975e+01 4.918467e+01 3.657772e+01 2.488157e+01 2.969036e-01 4.864540e-01 6.096203e-01 8.735296e-01 8.170853e-01 9.239310e-01 1.466479e+00 1.665703e+00 9.480479e-01 7.148632e-01 1.097932e+00 1.371117e+00 4.800029e-01 4.336006e-02 7.552973e-02 9.885324e-02 1.222404e-01 1.422497e-01 1.586967e-01 2.394599e-01 3.299749e-01 1.677627e-01 1.176486e-01 1.969584e-01 1.775988e-01 1.017387e-01
<GCONST> 8.810738e+01
<TRANSP> 5
 0.000000e+00 1.000000e+00 0.000000e+00 0.000000e+00 0.000000e+00
 0.000000e+00 7.698680e-01 2.301320e-01 0.000000e+00 0.000000e+00
 0.000000e+00 0.000000e+00 7.139496e-01 2.860504e-01 0.000000e+00
 0.000000e+00 0.000000e+00 0.000000e+00 9.118614e-01 8.813858e-02
 0.000000e+00 0.000000e+00 0.000000e+00 0.000000e+00 0.000000e+00
<ENDHMM>
~h "s"
<BEGINHMM>
<NUMSTATES> 5
<STATE> 2
<MEAN> 39
 -8.910543e+00 -1.220850e+00 -6.536916e+00 -4.954065e+00 -5.825179e+00 -5.639697e+00 -4.640957e+00 -8.821203e-01 -1.420814e+00 1.297333e-01 -5.256687e+00 -1.655974e+00 5.386941e+01 -1.024415e+00 -1.187091e-01 2.980914e-01 -1.903483e-01 2.579345e-01 -5.389280e-01 -4.177810e-02 4.438033e-01 -2.282559e-01 1.978018e-01 -1.583440e-01 3.678143e-01 1.180989e+00 -9.512612e-02 -3.826470e-02 9.460500e-02 5.460048e-02 1.105342e-01 -5.178522e-02 -6.993393e-02 1.420826e-01 8.803567e-02 -3.070237e-02 -4.126469e-02 -2.380058e-02 1.584852e-01
<VARIANCE> 39
 3.808876e+01 1.747818e+01 2.711443e+01 4.217780e+01 3.053367e+01 3.019574e+01 3.259715e+01 3.831958e+01 3.477664e+01 3.000206e+01 2.008546e+01 2.148851e+01 3.890286e+01 3.388898e+00 2.315816e+00 1.624141e+00 3.572724e+00 3.847306e+00 3.229920e+00 2.373253e+00 2.912197e+00 4.001516e+00 2.408244e+00 1.989884e+00 2.567742e+00 2.645231e+00 7.039111e-01 4.118225e-01 3.229418e-01 7.416437e-01 7.580985e-01 5.606020e-01 4.417314e-01 4.992269e-01 7.058361e-01 5.560395e-01 3.827039e-01 4.614654e-01 5.802615e-01
<GCONST> 1.207483e+02
<STATE> 3
<MEAN> 39
 -1.318165e+01 -3.991877e+00 -3.099768e+00 -4.457751e+00 -4.727179e+00 -9.759591e+00 -3.724678e+00 3.685745e+00 1.386906e-02 -2.623120e-01 -6.667691e+00 7.782266e-01 6.012202e+01 3.399386e-01 -2.266477e-01 8.288422e-02 3.769613e-01 3.157556e-01 1.317388e-01 -2.144687e-01 4.820613e-01 1.355755e-01 2.074523e-02 -6.334189e-02 1.152067e-01 -8.758464e-02 3.025438e-01 4.571494e-02 -7.062049e-02 -4.845289e-02 -9.228733e-02 1.877327e-01 -8.871312e-02 -1.743143e-01 -7.662129e-02 -5.396223e-04 7.394142e-02 -1.053028e-01 -1.578362e-01
<VARIANCE> 39
 4.412262e+01 4.444372e+01 3.524348e+01 2.222295e+01 3.555289e+01 3.745494e+01 3.578033e+01 4.556157e+01 4.181355e+01 2.926767e+01 2.850336e+01 1.799540e+01 2.590488e+01 3.220457e+00 1.682225e+00 1.474990e+00 1.584666e+00 1.693022e+00 3.295007e+00 2.708902e+00 2.351502e+00 2.765110e+00 2.258184e+00 1.868853e+00 1.088123e+00 1.955883e+00 4.872134e-01 3.219284e-01 3.101514e-01 3.037059e-01 4.037015e-01 8.073626e-01 4.705562e-01 5.875723e-01 5.385431e-01 4.626545e-01 3.647273e-01 2.797265e-01 3.655988e-01
<GCONST> 1.151382e+02
<STATE> 4
<MEAN> 39
 -6.750362e+00 -2.361359e+00 -5.490247e+00 -1.778530e+00 -2.766245e+00 -4.669957e+00 -3.406843e+00 1.536463e+00 -5.216682e-01 7.212114e-01 -3.861369e+00 -1.015906e+00 5.267313e+01 1.858085e-01 1.882087e-01 -2.701528e-02 -1.028072e-01 8.243723e-02 2.538496e-01 -9.457724e-02 -9.897634e-02 -1.127576e-01 2.564182e-02 1.351201e-02 -1.603640e-01 -4.069658e-02 -2.097802e-02 -8.302312e-03 6.776629e-02 -8.305521e-02 1.610301e-02 -6.530371e-02 -6.159720e-02 6.636272e-02 -3.584973e-02 2.574314e-03 2.792189e-04 6.100453e-03 1.476870e-01
<VARIANCE> 39
 1.449923e+01 1.535953e+01 1.637844e+01 1.540238e+01 1.701550e+01 2.251445e+01 2.880087e+01 2.938280e+01 2.918496e+01 1.974006e+01 2.269238e+01 1.954859e+01 2.245117e+01 9.823160e-01 9.308700e-01 1.108000e+00 1.076848e+00 1.358941e+00 2.015962e+00 2.167820e+00 2.553236e+00 2.038129e+00 1.886804e+00 1.742847e+00 1.626704e+00 7.959096e-01 2.177919e-01 1.603324e-01 1.806681e-01 2.188305e-01 2.334028e-01 3.357118e-01 4.138446e-01 3.834412e-01 3.950006e-01 3.976434e-01 3.524250e-01 3.087747e-01 1.642258e-01
<GCONST> 9.898369e+01
<TRANSP> 5
 0.000000e+00 1.000000e+00 0.000000e+00 0.000000e+00 0.000000e+00
 0.000000e+00 7.490768e-01 2.509232e-01 0.000000e+00 0.000000e+00
 0.000000e+00 0.000000e+00 7.668515e-01 2.331485e-01 0.000000e+00
 0.000000e+00 0.000000e+00 0.000000e+00 8.660946e-01 1.339054e-01
 0.000000e+00 0.000000e+00 0.000000e+00 0.000000e+00 0.000000e+00
<ENDHMM>
~h "t"
<BEGINHMM>
<NUMSTATES> 5
<STATE> 2
<MEAN> 39
 -5.891597e-01 -1.241742e+00 -9.446476e+00 -1.285133e+01 -5.116798e+00 -3.630163e+00 -1.111306e+01 2.773072e+00 -3.582757e+00 -1.245577e+00 -6.286391e+00 -1.997473e+00 6.761028e+01 1.152135e+00 -8.449355e-01 -2.835796e-01 -1.093646e+00 -3.364291e-01 4.272624e-01 -1.260611e+00 3.378058e-01 -3.125966e-02 3.520807e-01 -3.150631e-01 -2.368300e-01 1.573121e+00 -7.390778e-02 -9.292302e-02 3.481689e-02 3.358630e-03 2.796478e-02 5.866041e-02 4.027303e-02 1.073213e-01 4.124981e-02 6.999654e-02 -8.077443e-02 -8.480208e-02 2.863333e-02
<VARIANCE> 39
 8.909846e+01 4.578864e+01 3.632280e+01 5.953250e+01 4.019075e+01 8.136018e+01 7.421066e+01 6.604906e+01 5.460662e+01 6.289435e+01 3.898985e+01 4.633849e+01 7.241053e+01 7.153193e+00 3.919814e+00 2.405850e+00 5.352026e+00 2.975001e+00 4.848813e+00 7.126143e+00 4.664092e+00 3.826852e+00 4.695263e+00 3.811579e+00 3.402347e+00 7.250188e+00 1.261965e+00 5.299284e-01 3.965390e-01 1.063243e+00 4.927991e-01 8.840379e-01 1.301827e+00 7.098092e-01 7.119229e-01 7.578650e-01 6.446904e-01 5.781868e-01 9.608001e-01
<GCONST> 1.398570e+02
<STATE> 3
<MEAN> 39
 3.817554e+00 -1.032326e+01 -1.140965e+01 -1.548987e+01 -4.989503e+00 1.945311e-01 -1.614874e+01 1.094674e+01 -3.361380e+00 8.705136e-01 -1.105192e+01 -6.467185e+00 7.798804e+01 -1.282029e-01 -8.770076e-02 2.666448e-01 1.163179e-01 -1.328719e-01 -3.497501e-01 1.036866e-01 4.131598e-01 1.902188e-02 -1.711772e-02 -1.801319e-01 6.395480e-02 -1.072769e-02 -2.926546e-02 2.663118e-01 1.360094e-01 1.489306e-01 -1.001990e-01 -1.762224e-01 6.604731e-02 -1.723056e-01 -5.185903e-02 -1.283388e-02 1.841093e-01 1.279878e-01 -2.487990e-01
<VARIANCE> 39
 1.033532e+01 2.025405e+01 2.675255e+01 4.598706e+01 4.035533e+01 9.638293e+01 5.487064e+01 7.941697e+01 5.206900e+01 8.599168e+01 5.640906e+01 4.673091e+01 1.476749e+01 3.794118e-01 1.305637e+00 1.210152e+00 1.865297e+00 1.975136e+00 2.991501e+00 1.808365e+00 2.502736e+00 1.816601e+00 1.504495e+00 2.063246e+00 1.841426e+00 1.009089e+00 6.320235e-02 2.000243e-01 1.369881e-01 2.675781e-01 2.713184e-01 3.348171e-01 3.794084e-01 3.517322e-01 3.428774e-01 2.784961e-01 4.040571e-01 2.638094e-01 2.016531e-01
<GCONST> 1.072271e+02
<STATE> 4
<MEAN> 39
 2.979834e-01 -4.911499e-01 4.832872e+00 -1.011482e+01 -1.456127e+01 -9.207562e+00 -1.509493e+01 5.415673e+00 -9.709780e+00 1.784192e+00 -3.651230e+00 -2.556739e+00 7.271819e+01 -7.086827e-02 1.126174e+00 3.538011e-01 7.032329e-01 -1.708447e-02 -1.970940e-01 8.472081e-01 -1.069534e+00 1.061219e-01 -3.287628e-01 3.948520e-01 9.682722e-03 -1.370470e+00 -1.537963e-02 -1.093649e-01 -3.516355e-01 -5.586776e-02 2.488857e-01 1.874438e-01 1.399450e-01 3.432814e-02 2.277128e-01 -9.977877e-02 -1.566991e-01 -1.553996e-01 -1.313822e-01
<VARIANCE> 39
 1.968271e+01 2.920713e+01 8.354902e+01 4.716762e+01 8.388638e+01 4.886911e+01 4.903299e+01 1.136506e+02 8.603233e+01 6.455270e+01 5.406702e+01 3.170579e+01 3.203240e+01 9.821444e-01 1.452584e+00 3.627296e+00 2.377609e+00 4.829575e+00 2.457766e+00 3.670422e+00 3.795168e+00 5.555292e+00 2.563339e+00 3.724897e+00 2.734470e+00 3.598300e+00 1.347690e-01 2.141931e-01 2.253097e-01 3.925669e-01 4.778931e-01 4.587810e-01 6.787838e-01 6.600329e-01 6.950237e-01 4.176714e-01 5.562543e-01 4.937354e-01 3.037118e-01
<GCONST> 1.246542e+02
<TRANSP> 5
 0.000000e+00 1.000000e+00 0.000000e+00 0.000000e+00 0.000000e+00
 0.000000e+00 8.655808e-01 1.344192e-01 0.000000e+00 0.000000e+00
 0.000000e+00 0.000000e+00 9.061557e-01 9.384429e-02 0.000000e+00
 0.000000e+00 0.000000e+00 0.000000e+00 8.630586e-01 1.369414e-01
 0.000000e+00 0.000000e+00 0.000000e+00 0.000000e+00 0.000000e+00
<ENDHMM>
~h "u"
<BEGINHMM>
<NUMSTATES> 5
<STATE> 2
<MEAN> 39
 -4.016163e-01 -4.363128e+00 -6.963618e+00 -1.093580e+01 -7.047758e+00 -6.882271e+00 -9.039412e+00 9.542878e-01 1.275703e+00 -4.732100e+00 -7.914769e+00 -3.549723e+00 6.707079e+01 8.401676e-02 -2.741805e-01 -1.509260e-01 -5.048533e-01 3.392531e-01 3.939983e-02 -3.669979e-01 1.139296e-01 5.811742e-02 -9.243853e-02 -1.333480e-01 -1.840802e-01 6.895120e-01 -2.750390e-02 2.123182e-02 1.163941e-01 -6.788158e-02 -2.093951e-02 -3.308650e-02 -1.385977e-01 9.329489e-03 -1.856104e-01 1.275738e-01 6.013376e-02 2.209396e-02 1.571489e-01
<VARIANCE> 39
 2.836894e+01 4.830254e+01 4.426935e+01 5.113658e+01 4.169458e+01 4.585927e+01 4.962689e+01 4.344118e+01 8.662071e+01 7.076628e+01 2.565886e+01 3.789389e+01 1.178776e+02 2.665973e+00 2.637319e+00 2.924489e+00 3.595205e+00 2.471288e+00 3.899234e+00 5.060498e+00 3.866115e+00 4.263729e+00 3.818518e+00 2.912362e+00 3.079584e+00 8.089396e+00 3.937378e-01 3.761559e-01 3.415627e-01 5.459410e-01 3.887618e-01 6.240518e-01 7.912020e-01 5.888801e-01 6.176165e-01 6.577265e-01 4.902308e-01 5.680064e-01 9.760202e-01
<GCONST> 1.308706e+02
<STATE> 3
<MEAN> 39
 2.375292e-01 -3.345999e+00 -6.065639e+00 -1.362628e+01 -2.540666e+00 -4.457732e+00 -1.367128e+01 5.598898e+00 -4.086512e+00 1.221774e+00 -6.789749e+00 -4.846936e+00 7.034424e+01 -2.124539e-02 7.015734e-01 5.125919e-01 3.189654e-01 4.909028e-02 -3.347959e-01 -3.950809e-01 -2.659565e-01 -3.667694e-01 2.852162e-01 4.471098e-01 2.238616e-03 -3.134723e-02 -5.157068e-03 2.249173e-01 4.097484e-02 3.503683e-01 -2.974871e-01 2.749267e-02 1.792055e-01 -2.615902e-01 1.203388e-01 -8.204489e-02 1.921985e-02 1.263170e-01 -3.685022e-01
<VARIANCE> 39
 7.550648e+01 3.672929e+01 4.571193e+01 6.812863e+01 4.010954e+01 1.253789e+02 7.325449e+01 9.607790e+01 7.682162e+01 7.161731e+01 6.598301e+01 4.726683e+01 5.951169e+01 3.090450e+00 2.295007e+00 2.762173e+00 3.706987e+00 3.570848e+00 3.314284e+00 4.078177e+00 5.243948e+00 4.708717e+00 2.911158e+00 3.561702e+00 2.713942e+00 5.005363e+00 5.406196e-01 3.512524e-01 4.326123e-01 6.029713e-01 6.147874e-01 7.374905e-01 8.219137e-01 7.598031e-01 8.798364e-01 5.213305e-01 7.460324e-01 4.876160e-01 4.328775e-01
<GCONST> 1.351964e+02
<STATE> 4
<MEAN> 39
 -4.572559e+00 3.347554e+00 -2.199037e+00 -8.142207e+00 -5.425187e+00 -6.592283e+00 -1.232206e+01 7.386906e-01 -4.334543e+00 -5.233045e-01 -4.384746e+00 -1.109149e+00 6.639863e+01 6.958644e-01 2.299807e-01 1.795785e-01 2.658352e-03 -5.038391e-01 3.694139e-01 -2.918479e-01 -5.973383e-01 -3.413583e-01 2.340782e-01 1.284150e-01 1.177864e-01 3.411262e-02 3.231957e-02 -9.925704e-02 -5.664319e-02 -1.480195e-01 -8.109995e-02 8.139862e-02 7.759149e-02 5.410383e-02 -3.600607e-02 -3.801036e-03 -3.608966e-03 1.724068e-02 -7.900683e-03
<VARIANCE> 39
 1.288237e+02 3.985214e+01 5.253989e+01 4.441381e+01 7.212297e+01 7.463410e+01 5.814759e+01 9.580114e+01 6.090222e+01 5.648572e+01 5.734200e+01 2.757415e+01 2.627904e+01 9.526343e+00 3.279835e+00 3.482381e+00 4.978592e+00 4.667371e+00 5.253376e+00 5.797101e+00 4.942501e+00 5.306210e+00 4.463359e+00 3.660580e+00 2.303077e+00 2.818148e+00 1.134162e+00 5.229414e-01 5.291809e-01 7.495572e-01 7.554197e-01 8.386216e-01 9.304639e-01 8.117894e-01 9.034386e-01 7.794526e-01 6.830941e-01 4.582841e-01 3.360276e-01
<GCONST> 1.383654e+02
<TRANSP> 5
 0.000000e+00 1.000000e+00 0.000000e+00 0.000000e+00 0.000000e+00
 0.000000e+00 8.011441e-01 1.988559e-01 0.000000e+00 0.000000e+00
 0.000000e+00 0.000000e+00 6.167374e-01 3.832626e-01 0.000000e+00
 0.000000e+00 0.000000e+00 0.000000e+00 8.437073e-01 1.562927e-01
 0.000000e+00 0.000000e+00 0.000000e+00 0.000000e+00 0.000000e+00
<ENDHMM>
~h "y"
<BEGINHMM>
<NUMSTATES> 5
<STATE> 2
<MEAN> 39
 -4.938084e+00 3.790601e+00 1.274572e+00 -7.580667e+00 -7.276626e+00 -5.886054e+00 -1.257998e+01 -3.126734e+00 -5.618532e+00 8.825712e-01 -2.734334e+00 -8.586422e-01 6.452797e+01 5.650547e-02 -2.385545e-02 1.757622e+00 -3.337567e-02 -1.325777e+00 -2.189143e-02 -2.615568e-01 -2.798287e-01 -7.686891e-01 9.658511e-02 1.283472e-01 6.565032e-02 9.398106e-01 1.193787e-01 1.275949e-02 3.605143e-02 -1.434952e-01 -1.920199e-01 1.277393e-01 -1.789429e-01 -3.055878e-02 -2.174364e-02 -2.335527e-02 -1.164937e-01 -8.399507e-02 1.916763e-02
<VARIANCE> 39
 8.853746e+01 2.843688e+01 8.437414e+01 4.157344e+01 6.252290e+01 3.022541e+01 6.288152e+01 5.234138e+01 3.351136e+01 3.663403e+01 1.436250e+01 1.513897e+01 5.230352e+01 8.565982e+00 2.548958e+00 9.390336e+00 4.324955e+00 8.316483e+00 3.308517e+00 5.529511e+00 2.899174e+00 5.052146e+00 4.070747e+00 2.088764e+00 1.955820e+00 4.175439e+00 1.271815e+00 4.620412e-01 1.438926e+00 8.307800e-01 1.281935e+00 5.094240e-01 9.278944e-01 5.052760e-01 8.469980e-01 6.505365e-01 3.801318e-01 4.842097e-01 6.898253e-01
<GCONST> 1.343066e+02
<STATE> 3
<MEAN> 39
 -1.879905e+00 4.873742e+00 1.474413e+01 -9.310687e+00 -1.970780e+01 -3.418668e+00 -1.482683e+01 -2.302227e+00 -1.295488e+01 1.067731e+00 -3.414597e+00 -2.725065e+00 7.072557e+01 -9.851750e-03 4.538867e-01 3.038861e-01 -7.401606e-01 -1.085434e-01 1.141703e+00 -2.391936e-01 -1.527332e-01 -3.908228e-01 8.498925e-01 -5.377822e-01 -4.124190e-01 -1.871532e-01 -2.471535e-01 1.194573e-01 -5.727607e-01 2.169038e-01 7.983612e-01 -1.618754e-01 4.155310e-01 4.038313e-02 3.580061e-01 -1.075996e-02 -2.789419e-02 8.950971e-02 -3.391487e-01
<VARIANCE> 39
 1.176804e+01 2.119719e+01 4.920644e+01 6.574137e+01 4.890380e+01 5.004123e+01 4.127634e+01 5.812067e+01 4.532534e+01 5.809323e+01 4.630383e+01 1.883573e+01 1.517101e+01 5.622848e-01 8.584251e-01 1.541095e+00 1.105801e+00 2.812688e+00 1.659463e+00 2.618807e+00 1.290674e+00 2.064552e+00 2.415962e+00 1.845909e+00 1.397132e+00 4.694665e-01 2.393761e-01 1.660805e-01 4.803548e-01 2.341208e-01 7.549421e-01 3.466876e-01 5.413995e-01 3.370118e-01 4.369646e-01 5.626364e-01 4.045542e-01 2.234024e-01 9.866401e-02
<GCONST> 1.080168e+02
<STATE> 4
<MEAN> 39
 -9.161335e-01 5.795280e+00 1.777519e+01 -8.924809e+00 -2.169145e+01 -3.276640e-02 -1.422689e+01 -7.599950e+00 -2.768386e+00 -4.071279e-01 -3.637246e+00 -2.848593e+00 6.819395e+01 1.003854e-01 3.210370e-01 -5.972323e-01 1.329376e-01 7.856119e-01 -5.813550e-03 1.269994e-01 -1.104093e-01 4.038137e-01 1.083219e-01 -2.590022e-01 1.281575e-02 -3.620622e-01 2.641198e-02 5.949270e-03 -6.804848e-02 1.178075e-01 1.224955e-01 -1.143431e-01 6.842235e-02 8.001480e-02 -4.306163e-02 -1.050982e-02 -2.044986e-02 8.669246e-02 -6.357513e-02
<VARIANCE> 39
 1.164200e+01 2.212708e+01 7.072223e+01 1.980521e+01 5.544154e+01 2.212217e+01 1.689743e+01 4.304715e+01 6.020525e+01 3.707552e+01 2.648818e+01 6.701719e+00 1.285594e+01 2.842324e-01 4.895788e-01 8.347163e-01 7.714084e-01 1.879318e+00 1.014947e+00 7.353655e-01 1.210874e+00 3.307279e+00 1.431036e+00 1.122412e+00 1.024114e+00 3.973118e-01 3.493697e-02 9.207992e-02 1.547755e-01 1.192345e-01 2.246110e-01 2.624960e-01 1.498529e-01 2.993172e-01 6.155748e-01 2.125657e-01 1.850975e-01 1.555981e-01 5.830586e-02
<GCONST> 8.841628e+01
<TRANSP> 5
 0.000000e+00 1.000000e+00 0.000000e+00 0.000000e+00 0.000000e+00
 0.000000e+00 8.773725e-01 1.226275e-01 0.000000e+00 0.000000e+00
 0.000000e+00 0.000000e+00 7.390595e-01 2.609405e-01 0.000000e+00
 0.000000e+00 0.000000e+00 0.000000e+00 7.664304e-01 2.335696e-01
 0.000000e+00 0.000000e+00 0.000000e+00 0.000000e+00 0.000000e+00
<ENDHMM>
~h "ng"
<BEGINHMM>
<NUMSTATES> 5
<STATE> 2
<MEAN> 39
 -3.060471e+00 1.607061e+00 -1.623948e+00 3.273337e-01 2.417226e-01 -1.912623e+00 -2.529683e+00 3.263057e+00 1.602468e+00 -1.936675e+00 -3.246568e+00 -1.000724e+00 5.381013e+01 -5.860296e-02 5.859760e-02 -4.378705e-02 -1.068858e-01 3.606853e-02 -5.686861e-02 9.914096e-02 4.193766e-02 9.191221e-02 1.189779e-01 2.580232e-02 -4.089183e-02 -1.527493e-01 -6.413454e-03 3.551959e-03 -3.997313e-03 5.269626e-03 -1.176714e-02 1.265523e-02 6.144404e-03 -5.417712e-02 -6.255972e-02 -1.546277e-02 -3.239992e-02 -2.042296e-02 -6.388589e-04
<VARIANCE> 39
 4.313756e+00 3.215440e+01 3.203746e+01 3.010018e+01 1.676157e+01 1.514268e+01 3.305132e+01 2.803407e+01 2.565533e+01 2.597346e+01 1.878531e+01 1.707758e+01 7.769182e+00 3.320020e-01 7.065935e-01 9.024441e-01 9.492981e-01 9.624644e-01 1.154406e+00 1.525839e+00 1.862632e+00 1.686524e+00 1.504857e+00 1.324242e+00 1.237384e+00 1.778580e-01 5.592068e-02 1.096570e-01 1.796632e-01 1.863938e-01 1.786698e-01 2.119851e-01 3.331702e-01 3.702113e-01 3.214152e-01 2.991652e-01 2.520355e-01 2.666728e-01 2.020183e-02
<GCONST> 8.661492e+01
<STATE> 3
<MEAN> 39
 -5.561940e+00 8.278133e-01 -4.691420e+00 -1.477537e+00 -1.661760e+00 -3.337259e+00 -3.147901e+00 6.085601e-01 -1.698300e+00 -1.796315e-01 -3.597876e+00 -2.003340e+00 5.110513e+01 -3.080906e-02 -5.002731e-02 -1.175356e-01 -6.925309e-02 -8.588900e-02 -5.556056e-03 1.040204e-01 1.087827e-01 1.027557e-01 7.639598e-02 1.164604e-01 -4.522664e-03 -2.051932e-01 1.792058e-02 1.138543e-02 1.403669e-02 6.949989e-03 -2.053086e-02 7.974809e-03 -2.064061e-02 -2.406757e-02 7.808194e-03 -2.505478e-02 -8.827255e-03 1.168267e-02 1.297450e-02
<VARIANCE> 39
 5.409412e+00 6.394341e+00 8.538693e+00 1.072769e+01 1.195813e+01 1.810219e+01 1.803803e+01 2.612130e+01 2.409458e+01 2.814000e+01 1.896216e+01 1.401751e+01 3.321492e+00 1.829180e-01 3.836254e-01 5.356995e-01 9.974296e-01 1.072677e+00 1.329637e+00 1.528870e+00 1.590548e+00 1.525995e+00 1.745860e+00 1.902319e+00 1.310003e+00 9.941561e-02 3.101452e-02 6.334087e-02 1.011445e-01 2.008260e-01 2.088215e-01 2.797902e-01 2.875494e-01 2.941949e-01 2.914004e-01 3.626564e-01 3.845267e-01 2.404059e-01 1.536186e-02
<GCONST> 7.787457e+01
<STATE> 4
<MEAN> 39
 -4.881499e+00 8.486285e-01 -5.565681e+00 -1.968431e+00 -3.453320e+00 -3.277265e+00 -3.088035e+00 2.424510e-01 1.905814e-01 -7.851417e-02 -3.340623e+00 -2.577793e+00 4.759820e+01 -1.090230e-02 -1.489879e-02 -1.125556e-02 -1.931531e-03 -2.702280e-02 -2.223489e-02 -3.178420e-02 -2.582248e-02 -1.483352e-02 2.515725e-03 -7.886903e-03 -2.246058e-03 -4.202041e-02 -8.102019e-03 1.998980e-03 8.194282e-03 -1.626172e-03 3.605833e-03 -6.933557e-03 2.714737e-03 7.031258e-03 -3.736792e-05 9.968743e-03 8.725579e-03 6.198668e-03 1.599861e-02
<VARIANCE> 39
 2.062810e+00 3.965732e+00 6.101782e+00 8.484118e+00 1.093231e+01 1.259114e+01 1.323594e+01 1.812967e+01 1.813764e+01 1.441119e+01 1.137829e+01 1.196920e+01 1.736875e+00 1.446982e-01 2.629283e-01 4.209887e-01 6.169547e-01 9.342197e-01 1.065308e+00 1.155539e+00 1.242761e+00 1.410278e+00 1.145546e+00 1.174378e+00 1.127742e+00 5.465656e-02 2.837517e-02 5.175620e-02 8.460401e-02 1.203278e-01 1.980555e-01 2.165268e-01 2.357169e-01 2.560339e-01 2.949004e-01 2.230105e-01 2.395866e-01 2.255719e-01 1.118525e-02
<GCONST> 6.555671e+01
<TRANSP> 5
 0.000000e+00 1.000000e+00 0.000000e+00 0.000000e+00 0.000000e+00
 0.000000e+00 8.811181e-01 1.188819e-01 0.000000e+00 0.000000e+00
 0.000000e+00 0.000000e+00 9.154086e-01 8.459149e-02 0.000000e+00
 0.000000e+00 0.000000e+00 0.000000e+00 9.612294e-01 3.877059e-02
 0.000000e+00 0.000000e+00 0.000000e+00 0.000000e+00 0.000000e+00
<ENDHMM>
~h "sp"
<BEGINHMM>
<NUMSTATES> 5
<STATE> 2
~s "silst"
<STATE> 3
<MEAN> 39
 -3.181105e+00 6.247978e-01 -5.520975e+00 -4.209903e+00 -4.395042e+00 -5.197412e+00 -4.972081e+00 8.364424e-01 -6.623377e-01 -2.972456e-01 -4.604170e+00 -2.760394e+00 5.508923e+01 -3.484719e-01 2.289969e-02 -4.089220e-02 1.119705e-01 5.298008e-02 7.670321e-02 4.429184e-01 1.395809e-01 1.243559e-01 6.044699e-02 2.327759e-01 8.965704e-02 -3.959287e-01 7.319500e-02 -4.864004e-02 3.068889e-02 1.712848e-03 8.321337e-03 2.237177e-02 -1.113970e-01 4.124734e-02 -7.431496e-02 2.962366e-02 -1.981610e-02 4.757929e-02 1.276349e-01
<VARIANCE> 39
 3.172250e+01 2.272277e+01 3.541449e+01 4.271596e+01 3.433645e+01 3.375918e+01 4.265137e+01 3.660118e+01 3.863373e+01 3.363678e+01 3.667379e+01 2.263610e+01 3.864789e+01 9.871643e-01 1.084646e+00 1.646544e+00 1.397956e+00 1.611942e+00 2.196821e+00 2.314729e+00 2.200233e+00 2.137544e+00 2.083970e+00 2.178160e+00 1.803827e+00 1.071042e+00 1.846862e-01 2.042325e-01 2.886329e-01 3.027276e-01 3.771153e-01 4.022600e-01 5.193213e-01 4.863057e-01 4.604881e-01 3.930617e-01 4.613816e-01 3.613719e-01 2.470717e-01
<GCONST> 1.103832e+02
<STATE> 4
<MEAN> 39
 -4.446911e+00 3.075792e-01 -5.430672e+00 -2.367443e+00 -3.376272e+00 -3.467409e+00 -2.914603e+00 1.269359e+00 -3.144473e-01 2.558909e-01 -2.846848e+00 -1.374829e+00 5.113788e+01 -9.034802e-02 2.545094e-02 -2.517138e-02 -1.839950e-02 1.940674e-02 2.952505e-02 8.665176e-02 2.176051e-02 1.696816e-02 3.490415e-02 1.607920e-02 3.589381e-02 -1.497632e-01 -1.541133e-02 -1.718955e-02 3.948196e-02 -8.662451e-03 1.440573e-02 -1.470571e-02 -4.162434e-02 -4.084973e-03 -4.864318e-02 -4.889779e-03 -4.084918e-02 -4.828013e-03 6.633420e-02
<VARIANCE> 39
 1.183733e+01 1.252852e+01 1.456325e+01 2.010942e+01 1.787818e+01 1.861838e+01 2.259935e+01 2.812783e+01 2.425565e+01 2.372318e+01 2.304067e+01 1.874960e+01 2.126829e+01 3.895886e-01 5.021978e-01 7.495449e-01 8.284732e-01 1.131876e+00 1.245004e+00 1.363993e+00 1.446141e+00 1.606031e+00 1.597820e+00 1.600015e+00 1.321469e+00 2.636707e-01 7.228144e-02 8.440371e-02 1.451141e-01 1.745985e-01 2.444319e-01 2.491428e-01 2.770042e-01 2.940251e-01 3.482212e-01 3.179694e-01 3.093383e-01 2.637213e-01 7.476330e-02
<GCONST> 8.799036e+01
<TRANSP> 5
 0.000000e+00 8.122611e-03 9.918774e-01 0.000000e+00 0.000000e+00
 0.000000e+00 5.436789e-01 4.563210e-01 0.000000e+00 0.000000e+00
 0.000000e+00 0.000000e+00 4.248666e-01 5.751334e-01 0.000000e+00
 0.000000e+00 0.000000e+00 0.000000e+00 7.450585e-01 2.549415e-01
 0.000000e+00 0.000000e+00 0.000000e+00 0.000000e+00 0.000000e+00
<ENDHMM>
~h "sil"
<BEGINHMM>
<NUMSTATES> 5
<STATE> 2
<MEAN> 39
 -4.210469e+00 1.525311e-01 -3.300301e+00 -1.340395e+00 -1.640801e+00 -1.460320e+00 -9.476104e-01 7.441046e-01 1.853546e-01 6.452031e-01 -1.464085e+00 -5.827187e-01 3.277171e+01 -8.955410e-01 -5.011715e-01 -9.052384e-01 -7.062005e-01 -8.446428e-01 -7.178936e-01 -8.597201e-01 -4.395196e-01 -4.699793e-01 -1.954119e-01 -4.876646e-01 -1.687847e-01 4.565406e+00 2.410835e-02 -6.309479e-02 -7.650220e-02 -8.900233e-02 -1.324311e-01 -1.617036e-01 -2.138578e-01 -1.340705e-01 -1.091573e-01 -1.389225e-01 -8.752909e-02 -5.637637e-02 1.205887e-01
<VARIANCE> 39
 1.453126e+01 6.179316e+00 1.452342e+01 1.083099e+01 1.169327e+01 1.209664e+01 1.373942e+01 1.222686e+01 1.288478e+01 1.424994e+01 1.150425e+01 9.232508e+00 5.147238e+02 1.799821e+00 9.920487e-01 3.132031e+00 1.527848e+00 2.667964e+00 2.781959e+00 2.589284e+00 1.799270e+00 1.721745e+00 1.519427e+00 1.675362e+00 1.417232e+00 3.771280e+01 1.601326e-01 1.083832e-01 2.243332e-01 1.753444e-01 2.437054e-01 2.505799e-01 2.970619e-01 2.501352e-01 2.503009e-01 2.533522e-01 2.553976e-01 1.910344e-01 8.531162e-01
<GCONST> 9.995351e+01
<STATE> 3
~s "silst"
<STATE> 4
<MEAN> 39
 -5.451227e+00 -1.050358e+00 -7.231185e+00 -3.314463e+00 -4.447864e+00 -4.519756e+00 -3.943321e+00 3.083835e-01 -2.424032e-01 -5.542018e-01 -3.162561e+00 -1.546957e+00 4.803967e+01 1.266336e-02 2.627044e-02 1.726074e-02 2.819323e-02 3.619743e-02 3.752616e-02 5.334046e-02 3.315705e-02 1.846221e-02 1.613112e-02 -8.496192e-03 3.771490e-03 -5.553807e-02 -1.978974e-02 2.341751e-03 1.133312e-02 -1.299007e-03 7.261957e-03 -2.874018e-03 -1.851726e-03 2.220484e-03 -7.590559e-03 1.277776e-02 -8.273514e-04 9.654225e-03 9.923974e-03
<VARIANCE> 39
 3.313178e+00 7.308675e+00 9.268823e+00 1.013145e+01 1.321691e+01 1.478483e+01 1.617707e+01 2.024502e+01 2.128733e+01 1.666349e+01 1.568450e+01 1.400920e+01 3.444549e+00 1.892311e-01 3.218463e-01 5.102466e-01 6.903518e-01 8.978181e-01 1.056844e+00 1.217951e+00 1.379418e+00 1.323013e+00 1.389649e+00 1.353569e+00 1.162801e+00 1.298259e-01 3.935493e-02 6.222417e-02 9.837477e-02 1.344435e-01 1.766602e-01 2.097344e-01 2.379391e-01 2.707476e-01 2.604057e-01 2.770940e-01 2.718381e-01 2.371605e-01 2.297513e-02
<GCONST> 7.309972e+01
<TRANSP> 5
 0.000000e+00 1.000000e+00 0.000000e+00 0.000000e+00 0.000000e+00
 0.000000e+00 3.763564e-01 3.696111e-01 2.540325e-01 0.000000e+00
 0.000000e+00 0.000000e+00 7.852004e-01 2.147996e-01 0.000000e+00
 0.000000e+00 1.174957e-02 0.000000e+00 9.507361e-01 3.751437e-02
 0.000000e+00 0.000000e+00 0.000000e+00 0.000000e+00 0.000000e+00
<ENDHMM>
