~o
<STREAMINFO> 1 39
<VECSIZE> 39<NULLD><MFCC_D_A_0><DIAGC>
~s "silst"
<MEAN> 39
 -7.956756e+00 -3.431669e+00 -7.902369e+00 -6.075552e+00 -7.459458e+00 -7.054428e+00 -6.594227e+00 -1.425715e+00 -2.127373e+00 -1.187292e+00 -3.650146e+00 -2.267850e+00 5.028993e+01 -2.193903e-01 -1.918209e-01 -5.810432e-01 -2.915817e-01 -4.155326e-01 -4.671220e-01 -3.961780e-01 -5.697909e-02 -1.579179e-01 -1.840285e-01 -2.475414e-01 -2.061316e-01 2.892388e+00 3.722858e-01 1.885605e-01 2.879150e-01 2.823921e-01 3.257948e-01 3.331254e-01 3.244341e-01 1.357877e-01 1.408748e-01 3.361068e-02 1.503378e-01 8.644229e-02 -1.732181e+00
<VARIANCE> 39
 1.640630e+01 1.772537e+01 2.766073e+01 1.879609e+01 2.481081e+01 3.000489e+01 2.921137e+01 3.196281e+01 3.170360e+01 2.188894e+01 2.061495e+01 1.808429e+01 3.512548e+01 1.982076e+00 1.361513e+00 2.146978e+00 1.958874e+00 2.413946e+00 2.662733e+00 2.651302e+00 2.285989e+00 1.974288e+00 1.910442e+00 2.150065e+00 1.656724e+00 2.765712e+01 3.023925e-01 2.627712e-01 4.559406e-01 3.455659e-01 4.507117e-01 5.034783e-01 5.029439e-01 5.000985e-01 4.190576e-01 4.116645e-01 4.764123e-01 3.700494e-01 2.655699e+00
<GCONST> 1.153271e+02
~h "a"
<BEGINHMM>
<NUMSTATES> 5
<STATE> 2
<MEAN> 39
 2.762192e+00 -2.905093e+00 -7.893637e+00 -1.134912e+01 -5.559517e+00 -2.578746e+00 -1.279134e+01 5.339501e+00 -4.122841e+00 9.596320e-01 -8.026405e+00 -3.849239e+00 7.082285e+01 1.660030e-02 -9.293000e-02 -2.040076e-01 -1.427755e-01 1.795741e-02 -2.162307e-02 8.492665e-02 9.214930e-02 -3.860004e-03 6.482734e-02 -3.564057e-02 -5.186600e-02 -5.388136e-02 -6.031341e-02 9.504507e-02 9.393725e-02 1.311854e-01 2.160077e-02 -9.732535e-02 -2.438642e-03 -8.189677e-02 -3.471879e-02 -6.051283e-02 1.268189e-01 7.284050e-02 -6.587908e-02
<VARIANCE> 39
 1.969247e+01 5.188638e+01 6.193353e+01 6.138858e+01 3.889584e+01 7.574638e+01 4.458252e+01 8.187140e+01 9.140993e+01 6.170905e+01 7.418996e+01 4.361465e+01 8.653713e+01 7.559406e-01 1.528682e+00 1.507992e+00 1.721646e+00 1.713882e+00 2.307973e+00 1.841927e+00 2.004648e+00 1.928235e+00 2.234426e+00 2.406898e+00 1.986116e+00 1.404893e+00 1.586949e-01 2.250695e-01 2.032211e-01 2.396944e-01 2.814581e-01 3.470929e-01 4.085816e-01 4.047174e-01 3.763940e-01 3.982197e-01 3.623779e-01 3.091983e-01 2.899136e-01
<GCONST> 1.155617e+02
<STATE> 3
<MEAN> 39
 -2.844219e-01 -1.038243e+00 -7.687678e+00 -9.738682e+00 -3.591023e+00 -5.269633e+00 -1.222553e+01 4.376222e+00 -2.032855e+00 7.053127e-01 -8.043097e+00 -3.075679e+00 6.628773e+01 6.318489e-02 3.329681e-01 4.131693e-01 1.866495e-01 -2.377725e-01 -1.934116e-01 -2.105158e-02 -3.269650e-01 -1.628571e-01 -2.680489e-01 3.588140e-01 8.420996e-02 -2.516044e-02 -2.470789e-02 -4.743668e-02 6.239577e-02 -4.181849e-02 -1.159490e-01 8.493065e-02 9.123036e-02 -2.736132e-02 -1.737068e-02 -1.650542e-02 1.765457e-02 -4.794515e-02 1.305985e-02
<VARIANCE> 39
 6.628854e+01 4.403033e+01 5.294203e+01 5.391588e+01 4.229903e+01 7.288103e+01 7.448481e+01 8.245882e+01 7.035464e+01 5.473794e+01 4.968807e+01 3.852079e+01 8.126677e+01 4.996130e+00 3.286958e+00 3.018850e+00 3.949109e+00 3.848541e+00 5.231469e+00 6.632273e+00 5.246957e+00 4.616272e+00 3.418411e+00 3.888224e+00 2.631842e+00 6.765199e+00 7.336447e-01 4.731304e-01 4.729851e-01 6.348733e-01 6.570120e-01 8.236706e-01 1.137851e+00 8.697135e-01 7.672819e-01 6.032594e-01 7.008159e-01 5.089213e-01 6.612543e-01
<GCONST> 1.383047e+02
<STATE> 4
<MEAN> 39
 -3.516090e-02 2.880005e+00 7.207621e+00 -8.314232e+00 -1.450062e+01 -6.911425e+00 -1.230051e+01 -1.495884e+00 -7.387846e+00 7.584635e-01 -2.664598e+00 -2.126585e+00 6.920882e+01 -1.008447e-01 2.639638e-01 -1.482471e-02 1.873151e-01 -5.560970e-02 2.784822e-01 4.115065e-01 -2.995916e-01 -3.070705e-02 -1.623668e-03 4.199067e-02 -6.062035e-02 -1.789731e-01 -1.096072e-02 -9.163375e-02 -2.220166e-01 3.167614e-02 2.307722e-01 1.367427e-02 4.478187e-03 1.111501e-01 1.133112e-01 -8.686385e-03 -1.667336e-01 -1.371053e-02 -2.205066e-02
<VARIANCE> 39
 2.613677e+01 2.836406e+01 1.019042e+02 6.271570e+01 7.753654e+01 7.851455e+01 5.236154e+01 9.245060e+01 7.187485e+01 4.832914e+01 4.156346e+01 3.320005e+01 4.131564e+01 1.206024e+00 1.717915e+00 3.363693e+00 3.295087e+00 5.334971e+00 3.402274e+00 3.480432e+00 3.281254e+00 3.294851e+00 3.261838e+00 2.841502e+00 2.717699e+00 1.987208e+00 1.791047e-01 2.738050e-01 3.667491e-01 5.537021e-01 6.725035e-01 6.381642e-01 6.047019e-01 5.424384e-01 5.105277e-01 4.995776e-01 4.075017e-01 4.362828e-01 2.427496e-01
<GCONST> 1.258456e+02
<TRANSP> 5
 0.000000e+00 1.000000e+00 0.000000e+00 0.000000e+00 0.000000e+00
 0.000000e+00 7.241879e-01 2.758121e-01 0.000000e+00 0.000000e+00
 0.000000e+00 0.000000e+00 8.068578e-01 1.931422e-01 0.000000e+00
 0.000000e+00 0.000000e+00 0.000000e+00 7.720166e-01 2.279834e-01
 0.000000e+00 0.000000e+00 0.000000e+00 0.000000e+00 0.000000e+00
<ENDHMM>
~h "b"
<BEGINHMM>
<NUMSTATES> 5
<STATE> 2
<MEAN> 39
 2.596941e+00 4.845629e+00 1.243453e+01 -7.050691e+00 -1.641424e+01 -1.773057e+00 -1.113670e+01 -6.502095e+00 -7.986325e+00 6.057827e+00 -3.874727e+00 -3.920368e+00 6.453589e+01 9.361582e-02 2.591978e-01 -8.639521e-01 4.504285e-01 7.825878e-01 1.699048e-01 3.772278e-01 -2.784119e-01 5.862612e-02 4.027255e-03 -2.071923e-01 -3.634687e-01 -6.201309e-01 -1.156588e-02 4.531078e-02 -1.291963e-01 1.146641e-01 1.429223e-01 -1.718966e-02 3.115113e-02 -9.248024e-03 9.449032e-02 -1.799363e-01 -2.464492e-02 7.492495e-02 -9.482633e-02
<VARIANCE> 39
 1.109229e+01 1.402942e+01 9.616904e+01 4.793169e+01 1.037703e+02 2.974319e+01 2.428876e+01 6.489382e+01 8.159221e+01 2.134088e+01 4.103318e+01 3.146400e+01 1.747434e+01 5.008964e-01 6.965146e-01 1.718970e+00 1.574904e+00 2.062989e+00 1.933233e+00 9.949461e-01 1.560394e+00 2.299144e+00 1.265675e+00 1.154394e+00 1.046968e+00 4.908566e-01 6.364799e-02 1.431543e-01 3.014651e-01 2.768353e-01 2.646253e-01 4.205908e-01 1.659971e-01 2.344595e-01 5.815271e-01 2.586841e-01 2.145872e-01 2.958806e-01 8.429303e-02
<GCONST> 1.006085e+02
<STATE> 3
<MEAN> 39
 3.868421e+00 7.031350e+00 2.542682e+00 3.106361e-01 -7.633361e+00 -5.286031e+00 -1.095267e+01 -1.000678e+01 -6.984956e+00 -4.411232e-02 -7.674429e+00 -1.615406e+00 5.893695e+01 -5.118417e-01 3.073929e-01 -1.027166e-01 7.417105e-01 1.120542e+00 2.531617e-01 2.884355e-01 1.092642e-01 -2.620881e-02 -1.033063e+00 1.026572e-01 2.027420e-01 -8.844768e-01 -1.368580e-01 -1.992869e-01 -8.421029e-02 -4.340056e-02 -1.745682e-02 9.541750e-02 2.310232e-01 2.748089e-01 -6.678775e-02 6.574027e-02 -1.344915e-02 -7.569894e-02 -3.078924e-03
<VARIANCE> 39
 9.944642e+00 1.436317e+01 2.102299e+01 8.827386e+00 3.553375e+01 2.765081e+01 4.203588e+01 6.595231e+01 5.161290e+01 3.265968e+01 1.962565e+01 2.223513e+01 7.052485e+00 1.639974e-01 6.628474e-01 8.122376e-01 9.653432e-01 1.127262e+00 1.714818e+00 1.962065e+00 1.299792e+00 8.508625e-01 1.131828e+00 9.038297e-01 2.384491e+00 2.977697e-01 4.298833e-02 7.416722e-02 1.913445e-01 9.905416e-02 2.138902e-01 2.168791e-01 3.645378e-01 2.320676e-01 1.629961e-01 2.398852e-01 1.594795e-01 2.131733e-01 2.480856e-02
<GCONST> 8.521925e+01
<STATE> 4
<MEAN> 39
 -2.813757e-01 4.838748e+00 1.974174e+00 3.388227e+00 -1.686890e+00 -8.069241e-01 -2.219409e+00 -5.181547e-01 -3.472822e+00 -4.641984e-01 -5.975533e+00 -3.569848e+00 5.500011e+01 -6.687538e-01 -4.669861e-01 -6.197965e-01 2.177444e-01 5.514917e-01 3.833762e-01 1.078585e+00 1.218553e+00 1.658221e-01 -5.923180e-01 1.631654e-01 1.308503e-01 -6.196581e-01 -2.714091e-02 -1.758063e-01 -9.753716e-02 -2.296410e-01 -2.430925e-01 -6.493133e-02 -2.465124e-01 -1.512337e-01 -4.606347e-02 -6.419760e-02 8.166845e-02 4.848456e-02 1.298718e-01
<VARIANCE> 39
 7.682311e+00 1.509520e+01 1.327045e+01 1.172046e+01 1.984211e+01 1.129460e+01 3.302578e+01 5.939256e+01 3.073554e+01 2.206955e+01 1.233460e+01 2.592973e+01 3.526600e+00 4.439384e-01 7.566954e-01 1.296776e+00 7.791492e-01 1.477418e+00 1.624376e+00 2.669382e+00 2.688318e+00 2.041364e+00 1.837712e+00 1.139419e+00 2.361432e+00 2.425382e-01 2.926836e-02 1.276249e-01 2.324986e-01 1.922001e-01 2.684893e-01 3.748014e-01 4.474654e-01 6.382104e-01 3.033800e-01 1.726964e-01 1.919133e-01 5.885676e-01 4.444242e-02
<GCONST> 9.018883e+01
<TRANSP> 5
 0.000000e+00 1.000000e+00 0.000000e+00 0.000000e+00 0.000000e+00
 0.000000e+00 7.793258e-01 2.206741e-01 0.000000e+00 0.000000e+00
 0.000000e+00 0.000000e+00 6.780627e-01 3.219374e-01 0.000000e+00
 0.000000e+00 0.000000e+00 0.000000e+00 7.145118e-01 2.854882e-01
 0.000000e+00 0.000000e+00 0.000000e+00 0.000000e+00 0.000000e+00
<ENDHMM>
~h "c"
<BEGINHMM>
<NUMSTATES> 5
<STATE> 2
<MEAN> 39
 -1.700224e+00 3.529657e+00 1.245363e+01 -9.633587e+00 -1.749453e+01 -9.483875e+00 -1.313011e+01 -1.070240e+01 -6.916968e+00 -1.622401e-01 -7.950237e+00 -2.667444e+00 7.032052e+01 3.176537e-01 2.973408e-01 -5.004543e-03 5.300727e-03 9.228501e-02 2.331980e-01 -7.324534e-02 -2.845511e-01 3.369409e-02 4.943164e-01 -3.409411e-01 -3.369037e-01 -5.651026e-01 -2.429461e-02 3.465130e-02 -3.412956e-01 1.561122e-01 3.386236e-01 4.062774e-02 1.283027e-01 1.262127e-02 9.791208e-02 -9.967229e-02 -4.145252e-02 7.525867e-02 -1.488311e-01
<VARIANCE> 39
 2.446470e+01 1.721907e+01 6.433418e+01 1.385830e+02 5.238266e+01 5.972668e+01 5.015432e+01 4.685665e+01 5.220531e+01 3.563358e+01 7.296932e+01 1.784449e+01 2.151120e+01 1.629552e+00 2.005431e+00 4.421412e+00 6.636824e+00 4.397468e+00 3.676598e+00 2.637866e+00 1.834210e+00 1.677099e+00 3.033747e+00 1.907729e+00 2.311172e+00 1.322154e+00 2.300793e-01 2.552987e-01 7.662703e-01 8.562543e-01 7.309843e-01 7.975718e-01 4.496966e-01 3.830879e-01 3.525290e-01 5.361199e-01 4.013531e-01 3.809075e-01 2.136084e-01
<GCONST> 1.220660e+02
<STATE> 3
<MEAN> 39
 1.138305e+00 3.558359e+00 5.811035e+00 -4.941015e+00 -1.116885e+01 -6.448032e+00 -8.029978e+00 -9.721260e+00 -5.520943e+00 8.549155e-01 -6.502848e+00 -3.524499e+00 6.230844e+01 2.082959e-03 -3.906851e-01 -7.213037e-01 9.504899e-01 8.055125e-01 7.377888e-01 4.192619e-01 -3.340147e-01 6.531844e-01 -5.071433e-01 3.182194e-01 6.520393e-01 -7.885681e-01 -6.438955e-02 2.721118e-03 -2.105107e-02 1.007953e-01 5.211391e-02 -3.809718e-02 5.686757e-02 2.217566e-01 -8.395466e-02 -1.422418e-01 1.112611e-01 7.427216e-02 2.932045e-02
<VARIANCE> 39
 3.520155e+01 3.913030e+01 3.477582e+01 4.981173e+01 1.900404e+01 7.195446e+01 6.562586e+01 6.715851e+01 4.997217e+01 7.028526e+01 4.970286e+01 2.433493e+01 6.361866e+00 1.343464e+00 1.777784e+00 1.295872e+00 1.448831e+00 1.978987e+00 3.840044e+00 1.892801e+00 3.414193e+00 3.176064e+00 2.961315e+00 2.458518e+00 1.331927e+00 6.800649e-01 2.338260e-01 3.377116e-01 2.699940e-01 3.690906e-01 3.190199e-01 7.361652e-01 5.086346e-01 5.721844e-01 5.094798e-01 7.202657e-01 5.136209e-01 3.742399e-01 1.194362e-01
<GCONST> 1.152184e+02
<STATE> 4
<MEAN> 39
 2.056975e+00 4.860195e+00 3.191443e+00 2.382665e+00 -5.236804e+00 -4.173234e+00 -6.279224e+00 -7.716814e+00 -5.777383e+00 -2.363024e-01 -6.451947e+00 -1.338187e+00 5.872749e+01 -5.795985e-01 -1.126640e-01 -3.048795e-01 8.135448e-01 9.544370e-01 1.782355e-01 6.183124e-01 7.992941e-01 6.364878e-02 -4.142086e-01 3.524729e-01 8.547606e-02 -7.924013e-01 -1.127404e-01 -5.032532e-02 -9.286579e-02 -2.018587e-01 -8.509523e-02 -4.003809e-02 8.125443e-03 2.345819e-01 6.610531e-02 8.577588e-02 -2.173712e-02 -7.267299e-02 5.051142e-03
<VARIANCE> 39
 9.223139e+00 2.623100e+01 1.843339e+01 1.406826e+01 4.591846e+01 2.190583e+01 4.631483e+01 4.824811e+01 2.838552e+01 3.530482e+01 3.882069e+01 1.566174e+01 6.767785e+00 2.892298e-01 1.300347e+00 1.377771e+00 1.430240e+00 1.118605e+00 2.400909e+00 1.773562e+00 1.897787e+00 1.782533e+00 1.405749e+00 1.803397e+00 1.089116e+00 1.816399e-01 3.276895e-02 1.678822e-01 1.950548e-01 1.787053e-01 2.723510e-01 2.881522e-01 2.914343e-01 2.559796e-01 2.736062e-01 2.020564e-01 3.878763e-01 1.700253e-01 2.673456e-02
<GCONST> 9.143584e+01
<TRANSP> 5
 0.000000e+00 1.000000e+00 0.000000e+00 0.000000e+00 0.000000e+00
 0.000000e+00 8.781129e-01 1.218871e-01 0.000000e+00 0.000000e+00
 0.000000e+00 0.000000e+00 7.904021e-01 2.095979e-01 0.000000e+00
 0.000000e+00 0.000000e+00 0.000000e+00 8.196321e-01 1.803679e-01
 0.000000e+00 0.000000e+00 0.000000e+00 0.000000e+00 0.000000e+00
<ENDHMM>
~h "h"
<BEGINHMM>
<NUMSTATES> 5
<STATE> 2
<MEAN> 39
 -1.742894e+01 3.454002e+00 -5.792960e+00 -7.697990e+00 1.563735e+00 -5.602184e+00 -8.754259e+00 7.230341e+00 -5.740828e+00 -1.774237e-01 -3.329628e+00 7.288144e-01 5.916887e+01 -9.835446e-01 1.678029e-01 1.692503e-01 -5.891269e-01 -7.494505e-02 1.940387e-01 -8.163002e-01 1.862170e-01 -2.236684e-01 -1.899263e-01 -1.485742e-01 2.474105e-01 1.705720e+00 4.509992e-01 -2.955085e-01 1.394345e-02 6.399786e-02 -2.283708e-01 7.479116e-02 -7.982892e-02 -1.550211e-01 1.574630e-01 -4.400628e-02 -4.514346e-02 7.878572e-03 4.057724e-02
<VARIANCE> 39
 6.254564e+01 1.906451e+01 5.311505e+01 3.676859e+01 3.585071e+01 3.204420e+01 4.724206e+01 4.892046e+01 2.140970e+01 2.903688e+01 2.316257e+01 2.790490e+01 2.942475e+01 3.578044e+00 2.371160e+00 1.950711e+00 1.920861e+00 3.804255e+00 3.725053e+00 4.028684e+00 3.538629e+00 2.836746e+00 2.389080e+00 2.041655e+00 2.278486e+00 1.460289e+00 2.964822e-01 3.449581e-01 3.039654e-01 4.227732e-01 5.344109e-01 6.156374e-01 5.888723e-01 4.960608e-01 3.841161e-01 4.589394e-01 3.793263e-01 4.436845e-01 4.487690e-01
<GCONST> 1.190195e+02
<STATE> 3
<MEAN> 39
 -4.809456e+00 -1.081665e+00 -5.068914e+00 -7.348191e+00 -3.485741e+00 -4.030649e+00 -1.572108e+01 9.351292e-01 -4.142774e+00 -3.525273e-01 -4.948956e+00 3.789609e-01 6.429041e+01 3.365713e+00 -4.781394e-01 -1.282631e-01 -1.312952e+00 -4.486971e-01 7.581195e-01 -2.107744e+00 -8.343211e-01 -8.815984e-01 6.269882e-02 -2.762763e-01 -2.871614e-01 2.179239e+00 -2.215670e-02 2.198965e-01 -8.830827e-02 -3.262607e-01 -8.077208e-02 2.184744e-01 2.195192e-01 1.097924e-01 -2.408043e-01 -4.441419e-02 1.590279e-01 2.811812e-03 2.165268e-02
<VARIANCE> 39
 1.137241e+02 4.231894e+01 4.294800e+01 3.610702e+01 4.443911e+01 8.282635e+01 9.803960e+01 6.567664e+01 4.585743e+01 6.410685e+01 3.571463e+01 2.804995e+01 3.457638e+01 6.015692e+00 4.566078e+00 3.342820e+00 7.506283e+00 4.622117e+00 8.751904e+00 8.028204e+00 6.949259e+00 5.972283e+00 5.884006e+00 4.134592e+00 3.580560e+00 7.634030e+00 1.478390e+00 7.102267e-01 5.038910e-01 1.023624e+00 6.513714e-01 9.853956e-01 1.899353e+00 1.121001e+00 9.249749e-01 9.839867e-01 5.673223e-01 6.633794e-01 5.471187e-01
<GCONST> 1.434913e+02
<STATE> 4
<MEAN> 39
 6.103138e+00 -6.152785e+00 -1.098952e+01 -1.950737e+01 -5.364302e+00 6.804615e-01 -1.763383e+01 4.560993e+00 -5.153512e+00 -2.484928e+00 -6.762345e+00 -2.294653e+00 7.444736e+01 5.613415e-02 -1.257397e-01 -2.220345e-01 -1.398859e-01 -2.661226e-02 -3.032729e-02 1.448835e-01 3.785199e-01 1.120695e-01 1.996834e-02 -2.523674e-01 -2.344912e-01 1.402744e-01 -9.722162e-02 3.932572e-02 3.283752e-02 1.922565e-01 1.646889e-02 -1.122252e-01 8.719301e-02 -2.109476e-02 1.041981e-01 2.039913e-02 4.369355e-02 8.483158e-03 -1.963955e-01
<VARIANCE> 39
 1.154016e+01 7.295392e+01 2.269194e+01 3.730787e+01 3.700782e+01 1.212524e+02 5.384208e+01 8.410118e+01 5.442277e+01 1.182664e+02 4.988209e+01 5.959801e+01 2.847823e+01 5.343468e-01 1.701478e+00 6.802600e-01 2.779250e+00 1.545217e+00 1.719379e+00 2.561113e+00 1.918108e+00 2.416881e+00 2.160000e+00 1.788483e+00 1.874999e+00 2.336680e+00 9.770035e-02 2.188982e-01 9.138400e-02 4.122509e-01 2.503567e-01 3.105093e-01 4.510022e-01 3.723998e-01 3.746855e-01 3.330066e-01 3.790495e-01 2.934439e-01 3.576226e-01
<GCONST> 1.121512e+02
<TRANSP> 5
 0.000000e+00 1.000000e+00 0.000000e+00 0.000000e+00 0.000000e+00
 0.000000e+00 7.324868e-01 2.675132e-01 0.000000e+00 0.000000e+00
 0.000000e+00 0.000000e+00 7.558662e-01 2.441338e-01 0.000000e+00
 0.000000e+00 0.000000e+00 0.000000e+00 9.305372e-01 6.946283e-02
 0.000000e+00 0.000000e+00 0.000000e+00 0.000000e+00 0.000000e+00
<ENDHMM>
~h "i"
<BEGINHMM>
<NUMSTATES> 5
<STATE> 2
<MEAN> 39
 -2.960400e+00 8.615179e-01 -4.066837e+00 -1.433658e+00 -2.811666e+00 -3.756091e+00 -4.182384e+00 8.181735e-01 -1.830001e+00 -2.196039e+00 -4.756127e+00 -1.377499e+00 5.512200e+01 -6.375551e-01 -3.595040e-01 -7.133218e-01 -3.398421e-01 2.211401e-01 1.487220e-01 1.485534e-01 1.446616e-01 5.692030e-02 -8.535717e-03 2.705864e-01 5.157575e-02 -4.825422e-01 8.376364e-03 1.889570e-02 9.096987e-02 -1.757383e-01 -6.282217e-02 -1.127443e-01 -2.496741e-01 -5.498091e-02 -1.671553e-01 9.911785e-02 -6.160444e-02 -5.286887e-02 2.329391e-01
<VARIANCE> 39
 2.267203e+01 2.619164e+01 3.481900e+01 3.967693e+01 2.517999e+01 2.522692e+01 2.504362e+01 4.281622e+01 2.839474e+01 4.047617e+01 2.843532e+01 2.780855e+01 3.134063e+01 9.034492e-01 1.048358e+00 1.379298e+00 1.745984e+00 2.145386e+00 1.666725e+00 2.154626e+00 3.178672e+00 2.554900e+00 3.027719e+00 1.937909e+00 2.053933e+00 7.931093e-01 1.611934e-01 2.213726e-01 2.426499e-01 4.236529e-01 3.944604e-01 3.340987e-01 4.070051e-01 5.258747e-01 5.802029e-01 4.244384e-01 4.018072e-01 4.729482e-01 1.403471e-01
<GCONST> 1.089075e+02
<STATE> 3
<MEAN> 39
 -4.628991e+00 1.283876e+00 -5.501154e+00 -1.928888e+00 -2.187459e+00 -3.011237e+00 -3.302183e+00 -7.475729e-01 -1.744222e+00 1.839251e-01 -3.594893e+00 -1.613191e+00 5.385396e+01 -5.299945e-01 -1.782460e-01 -2.601547e-01 -3.036305e-01 8.360982e-02 -7.857045e-02 -3.689197e-02 1.188439e-01 -1.447198e-01 6.583698e-02 -1.674633e-01 -1.187220e-01 -8.069319e-02 1.007090e-01 -5.011971e-02 1.397503e-01 -1.002385e-01 -2.427528e-02 -8.093328e-02 -1.664369e-01 6.183499e-02 -1.229437e-01 -4.954102e-02 -9.503412e-02 -7.106462e-03 2.510041e-01
<VARIANCE> 39
 2.160642e+01 1.342027e+01 2.316124e+01 3.063403e+01 1.891886e+01 2.408362e+01 2.375712e+01 3.749191e+01 2.882716e+01 3.332809e+01 2.110935e+01 1.693272e+01 2.567179e+01 8.131585e-01 1.024127e+00 1.490176e+00 1.622728e+00 1.885197e+00 1.907108e+00 1.915486e+00 2.686266e+00 2.266543e+00 1.902169e+00 1.424456e+00 1.591629e+00 5.439730e-01 2.145750e-01 1.649551e-01 2.317680e-01 2.821896e-01 3.580724e-01 3.764590e-01 4.128741e-01 5.969259e-01 4.939927e-01 3.247474e-01 3.721883e-01 3.228625e-01 1.444027e-01
<GCONST> 1.027491e+02
<STATE> 4
<MEAN> 39
 -6.880332e+00 5.274266e-04 -5.412696e+00 -3.600148e+00 -1.458795e+00 -3.425883e+00 -3.982016e+00 7.033194e-01 -2.218180e+00 -9.125294e-01 -4.309656e+00 -1.387209e+00 5.637889e+01 -2.050214e-01 -3.455847e-01 -1.095998e-01 -4.444935e-01 4.600348e-02 -1.817997e-01 -5.552264e-01 3.773112e-01 -3.099537e-01 6.131167e-03 -1.611253e-01 6.163452e-02 3.913860e-01 3.297303e-01 1.097624e-02 3.145992e-02 -6.459917e-02 -6.570388e-02 -1.124476e-02 -2.147807e-01 1.239852e-01 1.745933e-02 4.418868e-02 -2.390253e-02 -1.668492e-02 2.915982e-01
<VARIANCE> 39
 4.172638e+01 3.390933e+01 2.729508e+01 3.774076e+01 2.925964e+01 2.792083e+01 2.668291e+01 4.690400e+01 3.453688e+01 3.324256e+01 1.743416e+01 2.099080e+01 4.095682e+01 1.832017e+00 1.942342e+00 2.394258e+00 1.775501e+00 1.948219e+00 2.309087e+00 2.464303e+00 3.448167e+00 2.319987e+00 2.161798e+00 1.812279e+00 1.884690e+00 1.349908e+00 3.252521e-01 3.758672e-01 3.635723e-01 3.971325e-01 4.101629e-01 5.638682e-01 5.520728e-01 7.491071e-01 5.426006e-01 4.995247e-01 3.641323e-01 4.123144e-01 4.810864e-01
<GCONST> 1.155515e+02
<TRANSP> 5
 0.000000e+00 1.000000e+00 0.000000e+00 0.000000e+00 0.000000e+00
 0.000000e+00 3.111238e-01 6.888762e-01 0.000000e+00 0.000000e+00
 0.000000e+00 0.000000e+00 4.672656e-01 5.327345e-01 0.000000e+00
 0.000000e+00 0.000000e+00 0.000000e+00 3.587142e-01 6.412859e-01
 0.000000e+00 0.000000e+00 0.000000e+00 0.000000e+00 0.000000e+00
<ENDHMM>
~h "j"
<BEGINHMM>
<NUMSTATES> 5
<STATE> 2
<MEAN> 39
 9.625006e-02 7.460335e+00 9.998340e+00 -4.728448e+00 -1.056735e+01 -6.973249e+00 -9.705598e+00 -5.268751e+00 -1.024253e+01 2.221414e+00 -2.687470e+00 -3.690390e+00 6.487714e+01 6.130086e-01 5.278119e-01 -1.006366e+00 8.472736e-01 8.514102e-01 6.969818e-01 8.481776e-01 -9.828093e-01 7.000164e-01 5.013762e-01 -5.741964e-01 -2.853579e-01 -1.073307e+00 2.907521e-02 -1.720268e-01 -1.983368e-01 8.357473e-02 1.827162e-01 1.607006e-01 -1.102790e-01 2.226487e-02 1.712640e-01 -2.282002e-01 -3.290664e-03 9.059459e-02 1.222212e-02
<VARIANCE> 39
 1.330612e+01 1.723034e+01 3.488307e+01 5.366768e+01 3.833074e+01 4.789693e+01 3.240569e+01 5.180454e+01 9.964006e+01 2.866577e+01 4.099601e+01 3.537716e+01 9.032128e+00 1.443999e+00 1.343180e+00 1.402847e+00 2.030953e+00 4.799971e+00 2.706016e+00 1.257236e+00 2.397227e+00 3.356625e+00 3.341660e+00 2.624870e+00 1.521024e+00 7.218270e-01 2.412773e-01 2.260266e-01 3.009606e-01 4.302222e-01 7.363595e-01 3.514180e-01 2.767904e-01 4.858823e-01 4.940661e-01 4.168651e-01 5.382101e-01 2.947239e-01 1.613011e-01
<GCONST> 1.123212e+02
<STATE> 3
<MEAN> 39
 3.801310e+00 7.033295e+00 2.094898e+00 -2.499515e+00 -8.742680e+00 -6.343234e+00 -1.339820e+01 -1.355076e+01 -8.529385e+00 -5.187045e+00 -1.028012e+01 -4.359149e+00 6.058514e+01 -1.972277e-01 -1.021278e-01 -1.048173e-01 7.218583e-01 5.666834e-01 6.522585e-01 -5.047009e-02 7.604223e-02 3.070210e-01 -7.358562e-01 2.431583e-01 4.276337e-01 -9.152832e-01 -2.355195e-01 -2.755063e-01 8.333345e-02 -2.038056e-01 -1.988442e-02 6.288700e-02 1.424978e-01 5.160238e-01 -3.482682e-02 2.262638e-01 2.190177e-01 3.015282e-02 6.322346e-02
<VARIANCE> 39
 6.021154e+00 2.174032e+01 1.769142e+01 2.496216e+01 2.731368e+01 4.234204e+01 6.154295e+01 6.408542e+01 2.937674e+01 7.243548e+01 4.423361e+01 3.934683e+01 1.068141e+01 6.448276e-01 1.184025e+00 8.337445e-01 1.289121e+00 2.035629e+00 1.765242e+00 1.409636e+00 3.201712e+00 3.832000e+00 2.077250e+00 2.457008e+00 1.907437e+00 3.998221e-01 7.440233e-02 1.222019e-01 1.554296e-01 1.543589e-01 3.731143e-01 4.339859e-01 3.360473e-01 3.015168e-01 4.936498e-01 2.024565e-01 2.173107e-01 3.558581e-01 5.414449e-02
<GCONST> 1.004400e+02
<STATE> 4
<MEAN> 39
 1.848839e+00 4.223405e+00 8.451984e-01 1.795740e+00 -1.707859e+00 -4.076077e-01 -5.605457e+00 -5.234216e+00 -2.064189e+00 2.239161e+00 -6.737014e-01 -1.487688e+00 5.810783e+01 -6.457402e-01 -3.331273e-02 -3.495246e-01 2.268072e-01 7.317798e-01 4.223292e-01 5.539522e-01 7.409844e-01 2.893642e-01 -1.081541e-01 2.023260e-01 -5.614753e-02 -7.887718e-01 -1.662016e-01 -6.180510e-02 -1.446508e-01 -1.035383e-01 -4.954512e-02 -1.521927e-01 6.194925e-02 1.416733e-02 -6.955954e-02 2.173509e-02 -1.369392e-01 -8.568573e-02 -1.797886e-02
<VARIANCE> 39
 8.418795e+00 3.047059e+01 3.289233e+01 2.639269e+01 2.560631e+01 2.280663e+01 5.007426e+01 5.483981e+01 3.211881e+01 3.157784e+01 2.862448e+01 1.799371e+01 1.018697e+01 6.436563e-01 1.605616e+00 1.689088e+00 1.548792e+00 1.115874e+00 2.111223e+00 1.787274e+00 2.341731e+00 1.444967e+00 1.245369e+00 1.862598e+00 2.002092e+00 3.282731e-01 1.113639e-01 2.916996e-01 3.321370e-01 2.836444e-01 2.415307e-01 3.555475e-01 2.300691e-01 3.821224e-01 3.694292e-01 3.127086e-01 3.636525e-01 3.938161e-01 6.688090e-02
<GCONST> 1.003567e+02
<TRANSP> 5
 0.000000e+00 1.000000e+00 0.000000e+00 0.000000e+00 0.000000e+00
 0.000000e+00 7.579384e-01 2.420616e-01 0.000000e+00 0.000000e+00
 0.000000e+00 0.000000e+00 7.286587e-01 2.713414e-01 0.000000e+00
 0.000000e+00 0.000000e+00 0.000000e+00 7.980738e-01 2.019262e-01
 0.000000e+00 0.000000e+00 0.000000e+00 0.000000e+00 0.000000e+00
<ENDHMM>
~h "k"
<BEGINHMM>
<NUMSTATES> 5
<STATE> 2
<MEAN> 39
 4.160542e+00 -8.373416e+00 -9.329513e+00 -1.692861e+01 -5.990226e+00 3.717075e-01 -1.614866e+01 8.903335e+00 -1.425332e+00 5.656160e-01 -1.229554e+01 -5.021033e+00 7.584856e+01 -8.379246e-02 -1.574989e-01 -6.778044e-02 1.789828e-01 9.727919e-02 -1.217025e-01 2.307824e-01 2.888816e-01 3.316025e-02 -1.430010e-01 -3.540839e-01 -1.423944e-02 1.269062e-01 -1.000188e-02 1.741351e-01 8.189979e-02 1.507138e-01 -6.508558e-02 -2.047548e-01 5.394211e-02 -4.919476e-02 -1.014575e-02 -4.226005e-03 7.698661e-02 1.291682e-01 -1.695798e-01
<VARIANCE> 39
 1.115189e+01 3.779949e+01 1.876046e+01 3.791301e+01 4.242003e+01 7.567742e+01 7.196190e+01 5.938755e+01 8.098943e+01 1.143788e+02 4.602039e+01 3.563972e+01 2.254901e+01 3.620416e-01 1.204579e+00 8.770499e-01 1.665916e+00 1.649019e+00 2.628349e+00 2.562828e+00 2.176340e+00 1.725894e+00 1.682227e+00 1.982557e+00 1.812918e+00 1.359928e+00 7.302353e-02 2.066388e-01 1.800006e-01 2.489227e-01 2.314004e-01 3.087256e-01 4.308505e-01 2.888411e-01 3.136120e-01 2.246100e-01 2.917009e-01 3.121247e-01 2.161343e-01
<GCONST> 1.071586e+02
<STATE> 3
<MEAN> 39
 2.068806e+00 -3.633691e+00 -3.846866e+00 -1.048639e+01 -1.274303e+01 -1.003513e+01 -9.761097e+00 5.305123e+00 -2.094553e+00 -4.052450e+00 -1.061883e+01 -1.350090e+00 7.069119e+01 -1.599081e-01 1.396250e+00 1.189901e+00 9.403437e-01 -6.812450e-01 -1.007174e-01 4.391593e-01 -1.156403e+00 -2.855427e-01 2.376706e-01 5.536116e-01 4.325433e-01 -1.470834e+00 -8.448936e-02 -1.297335e-02 -7.232895e-02 -5.673134e-02 2.660701e-01 3.034058e-01 -4.376797e-02 -1.990908e-01 2.642032e-03 -6.190940e-03 -2.021227e-03 -1.686014e-01 8.080068e-03
<VARIANCE> 39
 1.269035e+01 2.483372e+01 6.049722e+01 5.298962e+01 4.724941e+01 5.456620e+01 7.199391e+01 1.161163e+02 5.074574e+01 9.373827e+01 3.963527e+01 3.889870e+01 6.835919e+01 9.303541e-01 1.416355e+00 3.333598e+00 2.759972e+00 2.712943e+00 4.193856e+00 3.610425e+00 6.368255e+00 4.260527e+00 3.814308e+00 3.351830e+00 3.736611e+00 2.058089e+00 1.369129e-01 2.617494e-01 3.981206e-01 4.476855e-01 3.332035e-01 7.158551e-01 7.450160e-01 1.077837e+00 6.492930e-01 5.878774e-01 4.895027e-01 6.244370e-01 3.368723e-01
<GCONST> 1.265788e+02
<STATE> 4
<MEAN> 39
 -2.366339e+00 4.248628e+00 -9.502270e-01 -9.129376e+00 -8.188904e+00 -6.923298e+00 -1.218830e+01 -3.267487e+00 -5.117918e+00 1.573121e+00 -3.670846e+00 -2.259078e-01 6.455263e+01 -2.291367e-01 1.958873e-02 3.334886e-01 -7.237580e-03 1.439390e-01 -2.154108e-01 1.106172e-01 -9.014797e-02 -1.159180e-02 -1.170820e-03 -4.597266e-03 2.771377e-01 1.558907e-01 4.136401e-02 -1.190606e-01 -4.044682e-02 -5.516160e-02 -3.205049e-02 -1.154985e-02 6.254402e-03 1.356406e-01 2.195153e-02 -4.628448e-03 -5.712691e-02 -2.793483e-02 7.658697e-02
<VARIANCE> 39
 7.195279e+01 3.308818e+01 7.975883e+01 4.291753e+01 7.560924e+01 7.420474e+01 6.487228e+01 5.569212e+01 3.971460e+01 4.341270e+01 4.649152e+01 2.102720e+01 5.694549e+01 6.051698e+00 3.912177e+00 5.426260e+00 4.671447e+00 4.982186e+00 5.050666e+00 6.494980e+00 4.976503e+00 3.394146e+00 4.077450e+00 2.621406e+00 2.106818e+00 5.510983e+00 9.923187e-01 7.725874e-01 9.134361e-01 8.665200e-01 8.475511e-01 9.465974e-01 1.118213e+00 9.475310e-01 6.302075e-01 7.665635e-01 4.744034e-01 4.354509e-01 8.610348e-01
<GCONST> 1.388202e+02
<TRANSP> 5
 0.000000e+00 1.000000e+00 0.000000e+00 0.000000e+00 0.000000e+00
 0.000000e+00 9.170532e-01 8.294684e-02 0.000000e+00 0.000000e+00
 0.000000e+00 0.000000e+00 8.204187e-01 1.795813e-01 0.000000e+00
 0.000000e+00 0.000000e+00 0.000000e+00 9.072760e-01 9.272395e-02
 0.000000e+00 0.000000e+00 0.000000e+00 0.000000e+00 0.000000e+00
<ENDHMM>
~h "l"
<BEGINHMM>
<NUMSTATES> 5
<STATE> 2
<MEAN> 39
 -6.858444e+00 -2.095117e+00 -6.505594e+00 -5.319155e+00 -5.329307e+00 -7.034523e+00 -5.288116e+00 1.028978e+00 -2.190037e+00 -2.854204e-01 -5.283033e+00 -3.446849e-02 5.384653e+01 -1.171049e-01 -1.184695e-01 1.704057e-01 3.310816e-01 2.227685e-01 -1.283587e-01 1.732635e-01 3.038679e-01 9.111170e-02 -6.371287e-02 -9.506922e-03 2.427682e-01 9.638225e-02 7.219267e-02 2.163537e-02 -1.462515e-03 -3.181185e-02 -2.955892e-02 7.880239e-02 4.416513e-02 -3.438108e-02 6.453619e-02 6.614392e-02 2.518936e-02 -2.551129e-02 -2.821705e-02
<VARIANCE> 39
 4.163107e+01 2.914091e+01 2.422785e+01 2.335958e+01 3.075009e+01 3.149764e+01 2.186285e+01 3.888577e+01 3.467640e+01 2.602087e+01 3.316130e+01 2.333496e+01 3.226380e+01 1.841107e+00 1.693253e+00 1.723381e+00 1.129172e+00 2.269248e+00 2.273833e+00 2.233907e+00 3.151517e+00 2.140639e+00 2.248447e+00 1.888953e+00 1.506952e+00 1.074398e+00 3.683680e-01 3.511610e-01 3.504367e-01 2.423253e-01 4.681101e-01 4.780544e-01 5.129881e-01 7.259802e-01 3.968131e-01 4.640179e-01 3.522665e-01 3.083549e-01 2.158889e-01
<GCONST> 1.113117e+02
<STATE> 3
<MEAN> 39
 -4.507892e+00 -3.299621e+00 -3.798364e+00 -3.315117e+00 -6.744954e+00 -8.776699e+00 -5.153667e+00 -1.819302e-01 -3.314115e+00 -1.537405e+00 -3.878079e+00 1.648764e-01 5.579576e+01 6.159957e-03 1.886360e-01 6.044047e-02 1.656715e-01 7.564877e-02 5.699206e-02 2.345900e-01 3.156606e-02 1.409093e-01 1.057402e-01 3.767293e-02 8.287084e-02 -2.551853e-01 9.300830e-04 2.729988e-02 -2.859486e-02 -4.070041e-02 6.663090e-03 8.140446e-02 -6.668522e-03 2.404014e-02 5.382761e-03 -1.559422e-02 2.517983e-02 -1.247502e-02 -1.056064e-02
<VARIANCE> 39
 2.644686e+01 2.827544e+01 1.919185e+01 1.512779e+01 5.161631e+01 5.213807e+01 3.309758e+01 2.971882e+01 2.870465e+01 2.401519e+01 3.885983e+01 3.128932e+01 2.139295e+01 6.267678e-01 9.715088e-01 8.413297e-01 7.502127e-01 1.389014e+00 2.366122e+00 1.770143e+00 1.521834e+00 1.527566e+00 2.260480e+00 1.967853e+00 2.184872e+00 5.706991e-01 1.200893e-01 1.703904e-01 1.470823e-01 1.596436e-01 2.373983e-01 4.712054e-01 3.340349e-01 2.574873e-01 3.340730e-01 4.175000e-01 4.095590e-01 4.323222e-01 9.093097e-02
<GCONST> 1.004345e+02
<STATE> 4
<MEAN> 39
 -5.243102e+00 -9.119210e-01 -5.143214e+00 -1.659989e+00 -2.950202e+00 -4.583905e+00 -3.416013e+00 1.756580e+00 -2.688090e-01 -6.727245e-01 -3.628417e+00 -6.507938e-02 5.009970e+01 6.080836e-03 6.081285e-02 4.687847e-03 1.849728e-02 3.411477e-02 3.865784e-02 6.130880e-03 -3.678286e-02 -3.109137e-02 3.078333e-02 2.876748e-02 -2.857583e-02 -7.493331e-02 -1.885923e-02 -2.006350e-02 -4.934610e-03 -3.228824e-02 1.746046e-02 -3.356383e-02 -4.775262e-02 5.857415e-03 -4.266186e-02 -2.460880e-02 -1.707150e-02 3.536544e-03 4.261804e-02
<VARIANCE> 39
 1.093570e+01 8.223592e+00 1.235465e+01 1.204898e+01 1.324206e+01 1.722321e+01 1.671276e+01 2.207865e+01 1.978535e+01 2.265318e+01 1.709136e+01 1.462218e+01 9.130878e+00 3.684312e-01 4.111467e-01 6.208031e-01 9.043730e-01 9.816172e-01 1.471571e+00 1.498832e+00 1.718879e+00 1.482963e+00 1.806938e+00 1.406756e+00 1.157319e+00 2.496308e-01 7.183970e-02 8.517817e-02 1.128401e-01 1.742913e-01 2.037912e-01 2.856425e-01 3.042546e-01 3.549796e-01 3.089046e-01 3.978375e-01 2.748252e-01 2.434736e-01 4.176564e-02
<GCONST> 8.322170e+01
<TRANSP> 5
 0.000000e+00 1.000000e+00 0.000000e+00 0.000000e+00 0.000000e+00
 0.000000e+00 7.904460e-01 2.095540e-01 0.000000e+00 0.000000e+00
 0.000000e+00 0.000000e+00 7.602804e-01 2.397196e-01 0.000000e+00
 0.000000e+00 0.000000e+00 0.000000e+00 9.186733e-01 8.132663e-02
 0.000000e+00 0.000000e+00 0.000000e+00 0.000000e+00 0.000000e+00
<ENDHMM>
~h "m"
<BEGINHMM>
<NUMSTATES> 5
<STATE> 2
<MEAN> 39
 4.613422e+00 5.717974e+00 2.636707e+00 -1.650203e+00 -9.823627e+00 -4.519721e+00 -1.141041e+01 -7.443081e+00 -6.721378e+00 2.746929e+00 -7.968670e+00 -2.315774e+00 6.234777e+01 1.533221e-02 -6.025588e-02 -1.025461e-01 1.001167e+00 7.429710e-01 2.494775e-01 7.602116e-01 -7.747029e-01 4.702568e-01 -1.069771e+00 -9.230751e-02 4.392768e-01 -8.711720e-01 -3.722700e-01 -1.862113e-01 2.958763e-01 -3.630771e-01 -1.663181e-01 1.523436e-01 -1.128518e-02 4.560611e-01 4.215482e-02 -1.708599e-01 -8.859763e-03 -1.593589e-01 1.848548e-01
<VARIANCE> 39
 8.217936e+00 2.143663e+01 5.068333e+01 1.857227e+01 5.078492e+01 4.840655e+01 5.814624e+01 6.712653e+01 5.714400e+01 3.973037e+01 5.576617e+01 3.707734e+01 1.265346e+01 9.552789e-01 1.410478e+00 2.088242e+00 1.493966e+00 1.648894e+00 1.678886e+00 2.730739e+00 3.116006e+00 2.871938e+00 2.007566e+00 1.781313e+00 1.664539e+00 5.164534e-01 1.013962e-01 2.471504e-01 3.833538e-01 2.024818e-01 3.356204e-01 3.884324e-01 3.873354e-01 5.410760e-01 5.181138e-01 4.176033e-01 4.052892e-01 3.332943e-01 1.053496e-01
<GCONST> 1.088202e+02
<STATE> 3
<MEAN> 39
 2.680043e+00 3.901340e+00 3.146389e+00 -1.139085e+00 -5.791304e+00 -4.455695e-01 -7.322573e+00 -6.372096e+00 -3.902279e+00 -2.046326e-02 -5.945771e+00 -4.378254e+00 6.028588e+01 -6.295607e-01 -1.490559e-01 -3.812941e-02 3.955474e-01 4.886003e-01 1.905931e-01 6.608829e-01 5.160185e-01 4.917030e-01 -7.927167e-02 3.788196e-02 2.140543e-01 -7.466545e-01 -7.069524e-02 -6.371132e-02 -1.559521e-01 -1.051686e-01 -4.331274e-02 -1.623774e-01 -5.591805e-02 1.148105e-01 -6.916222e-02 1.106279e-01 4.869211e-02 3.865333e-03 3.413233e-02
<VARIANCE> 39
 7.743763e+00 1.814067e+01 4.994990e+01 1.768890e+01 5.805926e+01 3.723669e+01 2.320579e+01 4.618915e+01 7.882268e+01 3.712951e+01 3.197088e+01 3.141137e+01 1.828100e+01 3.557767e-01 9.185241e-01 1.051093e+00 8.008505e-01 1.182375e+00 1.454505e+00 1.295095e+00 1.364209e+00 1.536270e+00 1.741265e+00 1.467688e+00 1.873517e+00 2.612327e-01 5.401689e-02 1.734749e-01 1.252870e-01 1.271766e-01 2.393068e-01 2.498271e-01 3.715162e-01 3.414749e-01 2.889996e-01 2.827846e-01 3.205359e-01 3.056843e-01 5.393445e-02
<GCONST> 9.489687e+01
<STATE> 4
<MEAN> 39
 -4.133986e+00 1.198733e+00 -1.321362e+00 -2.584710e-01 -1.518993e+00 -1.153936e+00 -1.278651e+00 3.917880e+00 2.090792e-01 -3.543036e-01 -3.608881e+00 -5.668049e-01 5.421630e+01 -2.521670e-01 -2.767788e-01 -3.371206e-01 -7.997246e-02 1.852422e-02 -1.690053e-01 9.394485e-02 1.527872e-01 8.241713e-02 5.580367e-02 9.972041e-02 -8.376673e-02 -2.709271e-01 4.327571e-02 5.484001e-02 -8.354461e-03 -4.670016e-02 -5.950898e-02 -1.652678e-02 -8.865446e-02 -7.762027e-02 -5.897370e-02 1.001644e-02 -2.905386e-03 -1.852611e-03 1.407353e-02
<VARIANCE> 39
 1.275666e+01 1.404527e+01 3.196050e+01 2.208624e+01 2.929285e+01 2.503957e+01 2.659874e+01 4.573249e+01 3.830597e+01 2.469881e+01 2.454315e+01 2.015065e+01 1.313859e+01 5.772967e-01 1.088154e+00 1.574273e+00 1.759279e+00 1.721007e+00 1.774738e+00 1.857423e+00 1.773665e+00 1.926852e+00 1.998442e+00 1.291478e+00 1.350445e+00 1.588370e-01 8.377700e-02 1.416107e-01 2.713783e-01 3.265054e-01 3.024151e-01 2.884086e-01 3.496381e-01 2.590573e-01 3.298987e-01 3.722567e-01 2.617772e-01 2.878097e-01 2.709126e-02
<GCONST> 9.569511e+01
<TRANSP> 5
 0.000000e+00 1.000000e+00 0.000000e+00 0.000000e+00 0.000000e+00
 0.000000e+00 5.754302e-01 4.245698e-01 0.000000e+00 0.000000e+00
 0.000000e+00 0.000000e+00 6.934757e-01 3.065243e-01 0.000000e+00
 0.000000e+00 0.000000e+00 0.000000e+00 8.611854e-01 1.388146e-01
 0.000000e+00 0.000000e+00 0.000000e+00 0.000000e+00 0.000000e+00
<ENDHMM>
~h "n"
<BEGINHMM>
<NUMSTATES> 5
<STATE> 2
<MEAN> 39
 4.973429e-01 2.198012e+00 -8.403888e+00 -1.071029e+01 -3.975260e+00 -7.962357e+00 -1.329143e+01 -4.505988e+00 -4.995134e+00 -2.336822e-01 -5.579188e+00 -1.573050e+00 6.414731e+01 -4.182688e-01 -1.434914e-01 4.881771e-01 -1.233141e-01 1.499288e-01 -3.200562e-01 -9.592639e-02 -5.398718e-02 -2.262060e-01 2.829047e-01 1.192596e-01 8.308801e-02 6.301948e-01 1.313943e-03 -2.025659e-02 2.694055e-01 -2.207729e-01 -1.431508e-01 -2.646102e-02 -5.256366e-02 -2.738135e-02 -5.686491e-02 6.541450e-02 4.920448e-02 9.088728e-02 1.707301e-01
<VARIANCE> 39
 5.239063e+01 3.238517e+01 4.525872e+01 7.506166e+01 5.400756e+01 5.123224e+01 7.567483e+01 4.166126e+01 7.844691e+01 4.331654e+01 3.533893e+01 3.713454e+01 6.297036e+01 4.865079e+00 2.941540e+00 6.631955e+00 5.935887e+00 4.329037e+00 4.679931e+00 9.033525e+00 4.819213e+00 7.667850e+00 4.742543e+00 3.507352e+00 3.533789e+00 7.086257e+00 7.755225e-01 5.968394e-01 9.692518e-01 1.162708e+00 7.515195e-01 8.674761e-01 1.537667e+00 8.171426e-01 1.448825e+00 9.925967e-01 7.155366e-01 6.480340e-01 1.188723e+00
<GCONST> 1.427815e+02
<STATE> 3
<MEAN> 39
 -2.541514e+00 4.601228e+00 8.165450e+00 -1.124706e+01 -8.382772e+00 -1.046366e+01 -1.199951e+01 -5.402992e+00 -9.669084e+00 2.701940e+00 -5.827606e+00 -1.682961e+00 6.874834e+01 -2.082647e-02 2.160974e-01 1.278015e+00 1.464901e-01 -5.932843e-01 -4.994489e-01 -1.946568e-01 -2.106214e-01 -6.109632e-01 -1.809920e-01 4.725072e-01 3.924791e-01 3.184246e-01 2.527173e-01 4.609450e-02 -3.515038e-01 3.027681e-01 -1.531354e-02 2.020745e-01 -5.146762e-02 -1.405461e-01 2.951316e-01 -2.409611e-01 4.667852e-02 -6.257306e-02 -2.455503e-01
<VARIANCE> 39
 5.381714e+01 3.524750e+01 6.178630e+01 9.492539e+01 1.165878e+02 4.697982e+01 3.172730e+01 1.096346e+02 1.032850e+02 2.569330e+01 4.413907e+01 2.652147e+01 1.798613e+01 3.973471e+00 2.116567e+00 5.881324e+00 8.288943e+00 3.917791e+00 3.635736e+00 2.297225e+00 3.472662e+00 4.596712e+00 2.882480e+00 3.179169e+00 3.116528e+00 2.373942e+00 6.909220e-01 4.508137e-01 9.143952e-01 8.827721e-01 8.853112e-01 6.101192e-01 5.363231e-01 7.600098e-01 7.395281e-01 3.073219e-01 5.623208e-01 6.558857e-01 3.629306e-01
<GCONST> 1.326077e+02
<STATE> 4
<MEAN> 39
 -2.506550e+00 -4.185510e+00 4.120378e+00 -1.340114e+01 -1.069928e+01 -9.012310e+00 -7.251890e+00 -4.723186e+00 -3.238329e+00 -7.547894e+00 -4.402062e+00 -1.898307e+00 7.522029e+01 4.850857e-01 1.261762e-01 3.806452e-01 2.258940e-01 -6.532534e-01 4.593639e-01 -1.963767e-01 -4.366816e-01 -1.344452e-02 -1.059039e-01 5.984839e-02 -3.376185e-01 -3.939852e-01 -1.324054e-03 1.300408e-01 -1.556535e-01 6.347258e-02 1.584502e-01 4.548249e-02 8.078820e-02 -3.403656e-02 5.518828e-02 2.136424e-01 -1.783821e-01 -1.363015e-01 -1.819274e-01
<VARIANCE> 39
 1.355515e+01 7.988845e+01 1.387800e+02 7.705263e+01 8.367303e+01 3.259739e+01 7.034683e+01 2.407318e+01 6.930637e+01 8.342841e+01 4.506233e+01 1.616535e+01 3.344804e+01 1.146499e+00 2.350010e+00 2.123801e+00 1.666761e+00 2.773663e+00 1.698652e+00 3.313904e+00 1.184745e+00 2.133188e+00 4.950863e+00 1.156661e+00 2.029491e+00 9.083454e-01 2.047697e-01 1.941326e-01 2.398318e-01 4.018757e-01 3.815306e-01 3.055596e-01 4.226302e-01 1.833735e-01 4.442341e-01 5.481762e-01 3.449699e-01 2.216527e-01 1.004336e-01
<GCONST> 1.137854e+02
<TRANSP> 5
 0.000000e+00 1.000000e+00 0.000000e+00 0.000000e+00 0.000000e+00
 0.000000e+00 8.807414e-01 1.192586e-01 0.000000e+00 0.000000e+00
 0.000000e+00 0.000000e+00 8.017024e-01 1.982976e-01 0.000000e+00
 0.000000e+00 0.000000e+00 0.000000e+00 7.734773e-01 2.265227e-01
 0.000000e+00 0.000000e+00 0.000000e+00 0.000000e+00 0.000000e+00
<ENDHMM>
~h "p"
<BEGINHMM>
<NUMSTATES> 5
<STATE> 2
<MEAN> 39
 -8.860669e-01 3.833814e+00 1.069155e+00 -2.375770e+00 -5.385723e+00 -4.290256e+00 -6.248832e+00 -3.255726e+00 -6.862380e+00 1.317818e+00 -4.987824e+00 -2.166743e+00 6.245076e+01 -3.045483e-01 -2.278229e-01 -4.776614e-01 8.560387e-01 1.168779e+00 4.560463e-01 7.159096e-01 4.739428e-01 5.996345e-01 -6.310405e-01 -3.383314e-01 2.064571e-01 -5.243826e-01 -6.234604e-02 -4.687067e-02 6.848502e-02 -1.065909e-01 -4.358665e-02 9.967940e-02 -1.037803e-01 1.379802e-01 5.274733e-02 5.280370e-02 4.472438e-03 -7.227119e-02 4.687367e-02
<VARIANCE> 39
 6.773682e+01 3.348463e+01 5.333337e+01 5.793845e+01 3.640707e+01 5.722007e+01 4.786616e+01 1.099278e+02 4.748194e+01 3.561600e+01 2.421539e+01 3.484079e+01 3.840950e+01 1.084128e+00 1.039819e+00 2.473727e+00 1.511172e+00 2.409359e+00 2.357891e+00 1.556996e+00 3.654770e+00 3.008998e+00 2.056153e+00 2.250209e+00 1.422767e+00 1.023573e+00 1.671387e-01 2.116773e-01 2.801558e-01 3.207824e-01 3.504546e-01 4.757748e-01 3.261325e-01 5.207381e-01 5.248072e-01 4.096923e-01 3.778750e-01 3.166134e-01 1.086424e-01
<GCONST> 1.141974e+02
<STATE> 3
<MEAN> 39
 -2.750249e+00 -5.396005e-01 -1.460485e+00 1.191661e-01 -1.259382e+00 -2.366586e+00 -4.596581e+00 2.422787e+00 -2.929097e+00 -3.449248e+00 -6.884247e+00 -1.105014e+00 5.987753e+01 -4.109167e-01 -2.516340e-01 -5.089940e-01 1.813317e-01 5.809366e-01 -4.757954e-02 2.392219e-01 4.083750e-01 1.397132e-01 -6.529693e-02 -2.410400e-01 5.129987e-03 -1.028021e-01 3.511379e-02 9.179908e-02 -9.615088e-02 -2.582146e-01 -2.456932e-01 -1.482595e-01 -2.796507e-01 -9.972442e-02 -5.095583e-02 3.201541e-01 1.609160e-01 2.573531e-02 6.849845e-02
<VARIANCE> 39
 3.665960e+01 2.913032e+01 3.914820e+01 6.381641e+01 3.197635e+01 4.975862e+01 2.607434e+01 6.946878e+01 3.671779e+01 4.913617e+01 2.500098e+01 3.268280e+01 5.523145e+01 1.108102e+00 1.184800e+00 1.283895e+00 9.877436e-01 1.593263e+00 1.597685e+00 1.440396e+00 1.830585e+00 1.951965e+00 1.458679e+00 2.333181e+00 1.543485e+00 8.927225e-01 1.302592e-01 1.418183e-01 2.334598e-01 2.364757e-01 4.204369e-01 2.839744e-01 2.708359e-01 3.286954e-01 2.910417e-01 4.004917e-01 2.992248e-01 3.112280e-01 7.879248e-02
<GCONST> 1.056947e+02
<STATE> 4
<MEAN> 39
 -8.607994e+00 -2.427968e+00 -3.410999e+00 -2.965597e+00 -3.636116e+00 -6.668377e+00 -4.400522e+00 1.390535e+00 2.033443e-01 -8.092796e-01 -5.957885e+00 -2.536950e-01 5.804273e+01 1.731237e-01 -1.766539e-02 -2.013676e-01 -3.034527e-01 1.137913e-01 -3.390317e-02 -2.890822e-01 1.649771e-01 1.640111e-01 2.483072e-01 -1.065302e-01 -1.379619e-01 -1.249203e-02 9.634836e-02 -4.595219e-02 3.484655e-03 -1.063117e-01 -1.331900e-01 9.560006e-03 -1.135278e-01 -5.942070e-02 -7.100610e-03 -5.488265e-03 9.496695e-03 -2.894851e-02 2.542928e-02
<VARIANCE> 39
 3.456895e+01 3.027173e+01 2.549444e+01 3.402107e+01 3.171555e+01 3.330625e+01 2.748975e+01 4.997888e+01 3.809433e+01 2.966847e+01 2.715955e+01 1.850822e+01 4.896139e+01 1.631587e+00 1.570776e+00 1.704549e+00 1.879506e+00 1.553728e+00 1.454103e+00 2.521060e+00 3.143444e+00 2.472287e+00 2.685120e+00 2.187019e+00 1.545431e+00 1.988828e+00 2.618929e-01 2.702556e-01 2.963023e-01 3.590896e-01 3.855416e-01 2.854825e-01 4.847483e-01 6.183448e-01 5.494149e-01 5.248721e-01 4.159093e-01 3.097019e-01 2.526608e-01
<GCONST> 1.125447e+02
<TRANSP> 5
 0.000000e+00 1.000000e+00 0.000000e+00 0.000000e+00 0.000000e+00
 0.000000e+00 6.407074e-01 3.592926e-01 0.000000e+00 0.000000e+00
 0.000000e+00 0.000000e+00 5.253273e-01 4.746727e-01 0.000000e+00
 0.000000e+00 0.000000e+00 0.000000e+00 7.630560e-01 2.369440e-01
 0.000000e+00 0.000000e+00 0.000000e+00 0.000000e+00 0.000000e+00
<ENDHMM>
~h "r"
<BEGINHMM>
<NUMSTATES> 5
<STATE> 2
<MEAN> 39
 5.567355e+00 5.708346e+00 -1.389861e+00 -1.189973e+01 -1.048113e+01 -3.298126e-03 -1.532290e+01 -3.720205e+00 -9.037299e+00 -2.776438e+00 -2.025263e+00 1.777449e+00 6.689375e+01 -1.792582e-01 -3.322788e-01 -5.152741e-01 -2.171268e-01 4.678202e-01 1.151935e-01 1.618607e-01 5.373821e-01 4.031409e-01 2.489791e-01 -1.465353e-01 -1.007151e-01 1.551428e-01 -8.012441e-02 -2.067759e-01 -8.631741e-02 1.749615e-02 1.714263e-01 -8.439340e-02 -5.163697e-02 3.600110e-02 1.867581e-01 3.153940e-01 -2.111047e-02 -1.808333e-01 8.214057e-02
<VARIANCE> 39
 2.141083e+01 2.471455e+01 5.407621e+01 1.327425e+02 3.771600e+01 8.610449e+01 4.768975e+01 8.730577e+01 6.412179e+01 2.677278e+01 4.193110e+01 3.666249e+01 4.299228e+01 3.569025e-01 1.189583e+00 1.045832e+00 1.374396e+00 1.262541e+00 1.133070e+00 1.624181e+00 2.161326e+00 1.700481e+00 2.762608e+00 1.627641e+00 1.384383e+00 6.565660e-01 5.507296e-02 1.370185e-01 1.598912e-01 2.297549e-01 2.120795e-01 2.235971e-01 2.628053e-01 3.118747e-01 3.161216e-01 2.817282e-01 2.927159e-01 2.326669e-01 5.265887e-02
<GCONST> 1.030627e+02
<STATE> 3
<MEAN> 39
 3.557577e+00 -2.308384e+00 -8.399694e+00 -1.559020e+01 -4.380221e+00 -7.562550e-01 -1.596746e+01 5.959759e+00 -4.810355e+00 6.789831e+00 -5.940494e+00 -3.352503e+00 7.443066e+01 -4.276861e-01 -1.116972e+00 -6.862345e-01 -7.017945e-02 7.629318e-01 -1.566055e-01 9.205721e-02 9.134876e-01 1.025452e+00 3.537200e-01 -1.327324e+00 -1.277109e+00 6.597984e-01 1.976932e-02 1.081304e-01 1.187099e-01 9.870610e-02 -1.440478e-01 -9.923466e-02 4.428599e-02 -4.286386e-02 -8.670089e-02 -3.672631e-01 -2.847660e-02 1.186735e-01 -1.089232e-01
<VARIANCE> 39
 1.140087e+01 2.630626e+01 3.701009e+01 9.705235e+01 3.118623e+01 7.357453e+01 5.310962e+01 1.073866e+02 7.955586e+01 5.405257e+01 9.144954e+01 3.540654e+01 5.359674e+01 2.820095e-01 7.188905e-01 1.000192e+00 1.797574e+00 1.505250e+00 2.123729e+00 1.917408e+00 1.632241e+00 1.657620e+00 2.648424e+00 2.170103e+00 2.158529e+00 4.896497e-01 4.368772e-02 9.032466e-02 6.520488e-02 1.466274e-01 1.507251e-01 2.478146e-01 2.745510e-01 2.229601e-01 2.609739e-01 2.007096e-01 4.109749e-01 3.187425e-01 4.026423e-02
<GCONST> 1.015281e+02
<STATE> 4
<MEAN> 39
 4.365211e+00 -8.559344e+00 -1.093350e+01 -1.171679e+01 -5.689378e+00 4.736375e-01 -1.853966e+01 1.049549e+01 2.152425e+00 2.871680e+00 -1.026548e+01 -7.722335e+00 7.728999e+01 -9.781583e-04 -2.243974e-02 -3.612258e-03 4.192380e-02 -9.868091e-02 -1.109401e-01 -5.010799e-02 7.191174e-02 1.177105e-01 -1.163530e-01 -1.170097e-01 1.182420e-01 -1.018158e-01 7.981850e-03 8.889847e-02 5.360194e-02 3.033432e-02 -2.217650e-02 -7.159117e-02 -1.558923e-02 -5.153242e-02 -3.812685e-02 3.695007e-02 9.027016e-02 7.852178e-02 -7.204628e-02
<VARIANCE> 39
 7.770751e+00 1.618593e+01 3.193749e+01 4.372955e+01 3.046891e+01 4.133354e+01 4.435958e+01 5.158346e+01 8.595097e+01 2.409245e+01 4.808660e+01 3.854124e+01 2.780124e+01 3.278853e-01 5.347711e-01 6.467157e-01 9.680071e-01 8.756530e-01 1.087729e+00 1.577786e+00 1.854064e+00 1.103862e+00 8.370428e-01 1.116806e+00 1.469172e+00 5.424891e-01 4.844677e-02 7.999570e-02 9.703764e-02 1.307897e-01 1.544618e-01 1.949913e-01 2.738630e-01 3.676930e-01 1.784569e-01 1.317508e-01 1.992104e-01 1.919246e-01 1.124207e-01
<GCONST> 9.081483e+01
<TRANSP> 5
 0.000000e+00 1.000000e+00 0.000000e+00 0.000000e+00 0.000000e+00
 0.000000e+00 8.012304e-01 1.987697e-01 0.000000e+00 0.000000e+00
 0.000000e+00 0.000000e+00 7.354411e-01 2.645589e-01 0.000000e+00
 0.000000e+00 0.000000e+00 0.000000e+00 9.134627e-01 8.653735e-02
 0.000000e+00 0.000000e+00 0.000000e+00 0.000000e+00 0.000000e+00
<ENDHMM>
~h "s"
<BEGINHMM>
<NUMSTATES> 5
<STATE> 2
<MEAN> 39
 -9.183309e+00 -1.060192e+00 -6.059739e+00 -4.834746e+00 -6.191361e+00 -5.720325e+00 -4.852954e+00 -9.183472e-01 -1.850339e+00 -1.092263e-01 -4.637630e+00 -1.466063e+00 5.440519e+01 -1.008291e+00 -8.465917e-02 2.853605e-01 -2.621122e-01 1.989872e-02 -4.954105e-01 -6.172804e-02 3.346392e-01 -1.000994e-01 2.064600e-01 -9.717578e-02 3.187462e-01 1.020652e+00 -7.976849e-02 -5.107443e-02 1.101946e-01 2.474651e-02 7.597736e-02 -3.048698e-02 -8.651448e-02 1.312170e-01 6.917898e-02 -3.558313e-03 -1.119284e-01 -4.063623e-02 1.387167e-01
<VARIANCE> 39
 4.452528e+01 1.973194e+01 2.557080e+01 4.124121e+01 2.585776e+01 3.629128e+01 3.679354e+01 3.833892e+01 2.981339e+01 3.063503e+01 2.452487e+01 1.901945e+01 4.418198e+01 3.602594e+00 1.894655e+00 1.755819e+00 3.691380e+00 3.290770e+00 3.533057e+00 2.625469e+00 2.876344e+00 3.498000e+00 2.644214e+00 2.113134e+00 2.421486e+00 2.603383e+00 7.494939e-01 3.832180e-01 3.626791e-01 7.818642e-01 7.096339e-01 6.713271e-01 4.831146e-01 4.354773e-01 6.794512e-01 6.236649e-01 4.188675e-01 4.217046e-01 5.628951e-01
<GCONST> 1.213665e+02
<STATE> 3
<MEAN> 39
 -1.296179e+01 -3.426347e+00 -3.242562e+00 -4.985373e+00 -5.265736e+00 -1.028465e+01 -3.968703e+00 3.290225e+00 3.394945e-02 -4.843871e-01 -6.096327e+00 8.622675e-01 6.071834e+01 1.621001e-01 -1.541971e-01 1.977602e-02 2.240908e-01 3.941287e-01 4.364267e-02 -1.909305e-01 4.376813e-01 1.360144e-01 2.713837e-02 -1.484980e-01 1.924668e-01 -3.360909e-02 2.889023e-01 4.098233e-02 -4.732096e-02 -4.713196e-02 -6.094250e-02 1.982086e-01 -9.332333e-02 -1.215428e-01 -5.414338e-02 2.304276e-02 5.665545e-03 -1.083669e-01 -1.118897e-01
<VARIANCE> 39
 4.759871e+01 4.965639e+01 3.339981e+01 2.513342e+01 3.312533e+01 3.827721e+01 3.712848e+01 4.412327e+01 4.198586e+01 2.865310e+01 2.967156e+01 1.774878e+01 2.922525e+01 3.337331e+00 1.701238e+00 1.581439e+00 1.636212e+00 1.702209e+00 3.325779e+00 2.732445e+00 2.657224e+00 2.698148e+00 2.130815e+00 2.034859e+00 9.848793e-01 1.764273e+00 4.583747e-01 2.792449e-01 2.895026e-01 2.956978e-01 4.111347e-01 7.259518e-01 4.977139e-01 5.701313e-01 4.754552e-01 4.437585e-01 4.088489e-01 2.510276e-01 2.864860e-01
<GCONST> 1.148088e+02
<STATE> 4
<MEAN> 39
 -6.652800e+00 -2.367719e+00 -5.476843e+00 -1.820181e+00 -2.869859e+00 -4.709706e+00 -3.535461e+00 1.490939e+00 -4.735227e-01 6.066877e-01 -3.773759e+00 -9.790027e-01 5.281681e+01 1.845906e-01 2.026152e-01 -4.949315e-02 -1.177654e-01 9.956983e-02 2.490194e-01 -8.244503e-02 -6.708905e-02 -6.686882e-02 4.933924e-02 -3.859466e-02 -1.877415e-01 -7.006440e-02 -1.644976e-02 -1.662887e-02 5.864494e-02 -7.123536e-02 1.847510e-02 -7.451007e-02 -5.167452e-02 6.932871e-02 -4.288219e-02 3.841835e-03 -2.341608e-02 -6.427749e-03 1.388446e-01
<VARIANCE> 39
 1.595200e+01 1.532693e+01 1.705563e+01 1.553318e+01 1.680869e+01 2.306535e+01 3.065427e+01 3.129737e+01 2.973449e+01 2.084279e+01 2.312252e+01 2.008125e+01 2.546995e+01 9.772512e-01 7.880083e-01 1.063181e+00 1.060952e+00 1.166594e+00 1.984990e+00 2.271300e+00 2.420156e+00 1.931357e+00 1.959298e+00 1.748385e+00 1.584499e+00 7.106513e-01 2.099393e-01 1.551900e-01 1.621460e-01 2.050921e-01 2.373560e-01 3.470392e-01 4.235650e-01 4.111865e-01 3.753581e-01 4.008540e-01 3.713344e-01 3.073590e-01 1.448030e-01
<GCONST> 9.873241e+01
<TRANSP> 5
 0.000000e+00 1.000000e+00 0.000000e+00 0.000000e+00 0.000000e+00
 0.000000e+00 7.373609e-01 2.626391e-01 0.000000e+00 0.000000e+00
 0.000000e+00 0.000000e+00 7.713344e-01 2.286656e-01 0.000000e+00
 0.000000e+00 0.000000e+00 0.000000e+00 8.649999e-01 1.350001e-01
 0.000000e+00 0.000000e+00 0.000000e+00 0.000000e+00 0.000000e+00
<ENDHMM>
~h "t"
<BEGINHMM>
<NUMSTATES> 5
<STATE> 2
<MEAN> 39
 -6.465374e-01 -1.626018e+00 -9.598819e+00 -1.198442e+01 -5.836009e+00 -3.565513e+00 -1.019912e+01 2.426224e+00 -2.469455e+00 -1.483805e+00 -5.814271e+00 -2.529495e+00 6.743008e+01 1.311183e+00 -1.179540e+00 -5.523178e-01 -1.297370e+00 -2.918389e-01 5.529558e-01 -1.577203e+00 6.020363e-01 -1.734185e-01 5.028577e-01 -3.834157e-01 -4.078233e-01 2.075842e+00 -5.284126e-02 -1.509596e-01 -2.696148e-02 -1.081180e-01 3.203087e-02 1.231621e-01 -1.951272e-02 1.588823e-01 7.300027e-02 7.896432e-02 -9.524941e-02 -1.704914e-01 1.366185e-01
<VARIANCE> 39
 7.686725e+01 3.735296e+01 2.935823e+01 6.082826e+01 3.086624e+01 6.631390e+01 6.755220e+01 5.734840e+01 5.090830e+01 7.163544e+01 3.577142e+01 4.836678e+01 7.838569e+01 5.890831e+00 3.608676e+00 2.192722e+00 6.161459e+00 2.990823e+00 5.528316e+00 5.292509e+00 4.976845e+00 3.910119e+00 4.274383e+00 3.629123e+00 3.266313e+00 7.245703e+00 1.078835e+00 4.675962e-01 3.689953e-01 1.146734e+00 5.314996e-01 9.436585e-01 1.003913e+00 7.033538e-01 6.961356e-01 6.628435e-01 6.004751e-01 5.513030e-01 1.030443e+00
<GCONST> 1.376073e+02
<STATE> 3
<MEAN> 39
 2.941227e+00 -1.028020e+01 -1.148109e+01 -1.607134e+01 -5.282036e+00 -1.506200e+00 -1.483500e+01 1.003575e+01 -3.503487e+00 -1.943148e-01 -1.068758e+01 -5.935096e+00 7.784515e+01 -1.327352e-01 -9.625928e-02 3.267483e-01 2.378524e-01 -2.317884e-01 -4.297726e-01 7.285571e-02 4.901434e-01 1.415729e-01 -5.095869e-02 -1.603760e-01 6.832427e-02 -9.214599e-04 -2.125897e-02 2.795212e-01 1.628605e-01 1.801362e-01 -8.112282e-02 -1.598310e-01 8.427857e-02 -1.957669e-01 -8.738171e-02 -8.066272e-03 1.726342e-01 1.663392e-01 -2.769240e-01
<VARIANCE> 39
 1.220468e+01 2.164984e+01 2.849797e+01 4.511360e+01 4.625525e+01 8.962837e+01 5.781841e+01 9.772507e+01 6.603805e+01 1.068765e+02 5.895539e+01 5.161119e+01 2.144800e+01 4.474798e-01 1.655803e+00 1.446210e+00 2.004212e+00 2.160435e+00 2.898483e+00 2.119821e+00 2.719379e+00 2.138891e+00 1.966708e+00 2.264012e+00 2.123134e+00 1.413903e+00 7.557894e-02 2.112058e-01 1.643261e-01 3.120813e-01 2.965733e-01 3.492892e-01 4.153625e-01 4.112381e-01 3.595008e-01 3.508053e-01 3.919117e-01 2.959334e-01 2.564071e-01
<GCONST> 1.123058e+02
<STATE> 4
<MEAN> 39
 8.238667e-01 -6.471006e-01 2.501959e+00 -1.077765e+01 -1.304980e+01 -9.767778e+00 -1.518939e+01 7.284984e+00 -9.655856e+00 1.582811e+00 -4.188192e+00 -2.359291e+00 7.171795e+01 1.356274e-01 1.172238e+00 4.151035e-01 7.787842e-01 5.811554e-02 -1.426955e-01 6.983160e-01 -1.229321e+00 1.276824e-01 -3.605312e-01 2.945567e-01 -2.571489e-02 -1.518435e+00 -3.184111e-02 -1.558019e-01 -3.726421e-01 -8.361749e-02 2.717904e-01 2.235398e-01 1.561727e-01 6.547005e-02 2.395508e-01 -1.063969e-01 -1.848777e-01 -2.134640e-01 -6.407737e-02
<VARIANCE> 39
 1.613498e+01 2.904697e+01 6.411157e+01 4.970114e+01 6.862462e+01 6.350428e+01 5.099014e+01 1.207311e+02 9.215355e+01 4.926517e+01 5.829377e+01 2.211087e+01 4.044635e+01 1.165978e+00 1.674835e+00 4.072904e+00 2.236757e+00 4.049707e+00 2.537184e+00 3.220738e+00 4.254905e+00 6.087945e+00 3.199599e+00 3.309781e+00 2.663137e+00 3.450223e+00 2.293196e-01 1.964748e-01 2.549848e-01 3.933251e-01 5.409602e-01 4.339261e-01 6.340969e-01 6.836513e-01 7.543112e-01 4.915079e-01 4.918639e-01 4.930645e-01 3.772708e-01
<GCONST> 1.254228e+02
<TRANSP> 5
 0.000000e+00 1.000000e+00 0.000000e+00 0.000000e+00 0.000000e+00
 0.000000e+00 8.237234e-01 1.762766e-01 0.000000e+00 0.000000e+00
 0.000000e+00 0.000000e+00 9.086260e-01 9.137399e-02 0.000000e+00
 0.000000e+00 0.000000e+00 0.000000e+00 8.321132e-01 1.678868e-01
 0.000000e+00 0.000000e+00 0.000000e+00 0.000000e+00 0.000000e+00
<ENDHMM>
~h "u"
<BEGINHMM>
<NUMSTATES> 5
<STATE> 2
<MEAN> 39
 2.382854e-01 -2.263736e+00 -7.949193e+00 -1.017122e+01 -5.475415e+00 -6.637897e+00 -8.776381e+00 1.172895e+00 2.526520e-01 -1.868356e+00 -7.677955e+00 -4.442509e+00 6.328402e+01 -1.499791e-01 -3.105107e-01 -2.091400e-01 -5.204975e-01 5.184556e-01 -9.241262e-02 -2.244386e-01 2.149187e-01 -9.785369e-02 5.296915e-02 -1.539919e-01 -1.261030e-01 6.042812e-01 -6.006637e-02 -2.036203e-02 1.024212e-01 -7.745818e-02 -7.346459e-04 -7.679173e-02 -2.026860e-01 8.543711e-03 -1.752033e-01 8.971252e-02 9.863716e-02 7.160830e-02 3.236343e-01
<VARIANCE> 39
 3.243170e+01 3.366192e+01 4.594432e+01 4.547165e+01 3.421445e+01 5.142834e+01 5.059986e+01 5.572426e+01 6.692263e+01 6.840470e+01 3.139995e+01 3.520497e+01 9.095216e+01 3.358561e+00 2.046917e+00 2.869698e+00 3.810864e+00 2.561860e+00 4.122970e+00 5.754681e+00 4.028259e+00 4.324951e+00 4.191501e+00 2.980389e+00 3.291810e+00 7.876445e+00 5.109928e-01 3.361747e-01 3.919794e-01 6.191346e-01 3.852384e-01 7.184766e-01 9.206626e-01 7.075700e-01 7.857128e-01 7.936413e-01 5.272382e-01 5.732650e-01 1.053432e+00
<GCONST> 1.322398e+02
<STATE> 3
<MEAN> 39
 -1.778119e+00 -2.199789e+00 -5.979194e+00 -1.241849e+01 -6.240488e-01 -5.554703e+00 -1.188803e+01 6.040581e+00 -3.836284e+00 1.413673e-03 -8.638920e+00 -3.584595e+00 6.874527e+01 -2.148532e-01 7.737739e-01 3.552955e-01 3.299291e-01 9.550661e-03 -4.063525e-01 -5.517777e-01 -3.120474e-01 -3.363439e-01 -3.180442e-02 7.868418e-01 1.225404e-01 3.473389e-01 1.843569e-01 2.113632e-01 1.355327e-01 2.677170e-01 -5.793132e-01 1.217579e-01 1.542212e-01 -3.843484e-01 2.826994e-02 -8.677451e-04 2.986307e-01 7.257985e-02 -2.613840e-01
<VARIANCE> 39
 9.668225e+01 4.524090e+01 4.990256e+01 6.068180e+01 3.167730e+01 1.079713e+02 5.437300e+01 8.554933e+01 7.105655e+01 6.102966e+01 6.489725e+01 3.628062e+01 4.684217e+01 4.047866e+00 1.930450e+00 2.005146e+00 2.629750e+00 3.325120e+00 3.583089e+00 5.145194e+00 3.939162e+00 4.888673e+00 3.151908e+00 2.972528e+00 2.275880e+00 4.369964e+00 6.837327e-01 4.792871e-01 4.973244e-01 6.814758e-01 5.755541e-01 7.086406e-01 9.944574e-01 7.063293e-01 7.916621e-01 5.608155e-01 6.403359e-01 4.315645e-01 3.840073e-01
<GCONST> 1.334684e+02
<STATE> 4
<MEAN> 39
 -3.948622e+00 3.389705e+00 -2.841282e+00 -9.404034e+00 -5.905137e+00 -5.960706e+00 -1.357161e+01 8.068680e-01 -4.795018e+00 7.768883e-01 -2.823067e+00 -9.594705e-01 6.732178e+01 9.334805e-01 6.322116e-02 2.970141e-01 -1.468045e-01 -6.980754e-01 4.435061e-01 -5.233828e-01 -5.874697e-01 -3.804341e-01 2.895856e-01 1.540490e-01 9.185834e-02 3.919025e-01 6.258492e-02 -9.884680e-02 -3.781078e-02 -1.487940e-01 -2.677384e-02 1.442389e-01 7.208982e-02 9.078472e-02 -1.062831e-02 -2.612953e-02 -1.183667e-01 -2.433288e-02 -5.213154e-02
<VARIANCE> 39
 1.386081e+02 4.040551e+01 5.355206e+01 5.386712e+01 6.785879e+01 8.834837e+01 6.551275e+01 9.070186e+01 6.573029e+01 5.188745e+01 5.099591e+01 2.760000e+01 2.326846e+01 9.128922e+00 3.514560e+00 3.707998e+00 5.982399e+00 5.232760e+00 6.131874e+00 6.264626e+00 5.395442e+00 4.967124e+00 4.462636e+00 3.798023e+00 2.616447e+00 2.653655e+00 1.107941e+00 5.331791e-01 4.974838e-01 9.163817e-01 9.059492e-01 1.007535e+00 1.034085e+00 8.521294e-01 8.517504e-01 8.124329e-01 7.138469e-01 5.339518e-01 3.098715e-01
<GCONST> 1.400883e+02
<TRANSP> 5
 0.000000e+00 1.000000e+00 0.000000e+00 0.000000e+00 0.000000e+00
 0.000000e+00 8.115815e-01 1.884185e-01 0.000000e+00 0.000000e+00
 0.000000e+00 0.000000e+00 5.714759e-01 4.285242e-01 0.000000e+00
 0.000000e+00 0.000000e+00 0.000000e+00 8.303671e-01 1.696329e-01
 0.000000e+00 0.000000e+00 0.000000e+00 0.000000e+00 0.000000e+00
<ENDHMM>
~h "y"
<BEGINHMM>
<NUMSTATES> 5
<STATE> 2
<MEAN> 39
 -4.802844e+00 3.866171e+00 1.117509e+00 -7.605733e+00 -7.583993e+00 -5.878387e+00 -1.235990e+01 -2.500445e+00 -5.572073e+00 2.219854e-01 -3.020445e+00 -1.095534e+00 6.436552e+01 2.389649e-02 -1.527487e-02 1.764109e+00 6.159995e-02 -1.176825e+00 -3.236043e-02 -2.967576e-01 -1.777243e-01 -8.688939e-01 1.294675e-01 2.158712e-01 2.023857e-01 9.442591e-01 1.141589e-01 8.547175e-03 8.561443e-02 -9.932175e-02 -1.997504e-01 1.358213e-01 -1.563815e-01 -5.776824e-02 9.462854e-03 3.162197e-02 -8.267733e-02 -1.112642e-01 3.356639e-02
<VARIANCE> 39
 7.968738e+01 2.592394e+01 9.579463e+01 4.574369e+01 6.894968e+01 3.625385e+01 5.725822e+01 5.213761e+01 3.745177e+01 3.444415e+01 1.557297e+01 1.570954e+01 4.871294e+01 7.919638e+00 2.421271e+00 8.378004e+00 4.438137e+00 8.581793e+00 3.285274e+00 5.376246e+00 2.822222e+00 4.548306e+00 3.738115e+00 1.985019e+00 2.035490e+00 3.847824e+00 1.247662e+00 4.554575e-01 1.512027e+00 7.597422e-01 1.397629e+00 5.688316e-01 8.847998e-01 4.855292e-01 8.244138e-01 6.647649e-01 4.018717e-01 4.479869e-01 6.385806e-01
<GCONST> 1.340092e+02
<STATE> 3
<MEAN> 39
 -2.049338e+00 5.665691e+00 1.455118e+01 -8.935146e+00 -1.882347e+01 -4.300276e+00 -1.482911e+01 -1.022021e+00 -1.372765e+01 1.206527e+00 -2.943394e+00 -2.534152e+00 7.047647e+01 -1.109807e-01 4.294604e-01 1.547422e-01 -5.079848e-01 -4.716702e-02 9.355827e-01 1.806319e-01 -1.213261e-01 7.447465e-02 8.287880e-01 -4.472583e-01 -4.028429e-01 -2.994961e-01 -1.478587e-01 -2.189202e-02 -5.136788e-01 1.885764e-01 6.090251e-01 -1.937586e-01 4.084452e-01 4.900597e-02 4.059502e-01 1.558686e-02 -1.015377e-01 9.351333e-02 -2.118808e-01
<VARIANCE> 39
 1.005863e+01 1.497359e+01 3.152109e+01 7.482108e+01 4.311841e+01 5.302639e+01 3.619703e+01 6.184686e+01 5.364418e+01 3.898617e+01 4.180867e+01 2.524158e+01 1.640185e+01 4.055524e-01 9.364528e-01 1.282120e+00 9.273486e-01 2.406037e+00 2.050687e+00 2.777280e+00 1.401764e+00 2.108281e+00 1.796692e+00 1.609436e+00 1.331699e+00 3.523484e-01 1.767112e-01 1.826210e-01 3.414041e-01 2.223632e-01 7.746641e-01 4.143133e-01 4.522876e-01 2.851809e-01 3.790491e-01 4.968779e-01 4.276073e-01 2.447715e-01 1.131320e-01
<GCONST> 1.052200e+02
<STATE> 4
<MEAN> 39
 -1.135676e+00 6.241251e+00 1.813990e+01 -8.571353e+00 -2.193889e+01 -4.574424e-01 -1.390076e+01 -6.969504e+00 -2.529246e+00 -3.350054e-01 -3.887018e+00 -2.899525e+00 6.785755e+01 8.017674e-02 2.662597e-01 -6.315962e-01 2.001088e-01 8.618219e-01 -1.107937e-01 2.568697e-01 -4.833151e-02 5.038963e-01 1.775669e-01 -3.506172e-01 1.154038e-01 -3.798957e-01 4.625949e-02 -3.371320e-02 -9.881715e-02 1.130204e-01 1.515986e-01 -6.879771e-02 1.083347e-01 7.004510e-02 -7.140830e-02 -1.062321e-02 -4.321525e-02 9.905104e-02 -7.555208e-02
<VARIANCE> 39
 1.065288e+01 1.331272e+01 5.161486e+01 2.575688e+01 4.760301e+01 2.898491e+01 1.785491e+01 5.349528e+01 5.594328e+01 2.376492e+01 2.385681e+01 8.045770e+00 1.275195e+01 2.410511e-01 4.916565e-01 8.822255e-01 8.003810e-01 1.916943e+00 1.157591e+00 1.189976e+00 1.348859e+00 3.166840e+00 1.329048e+00 1.298269e+00 1.106595e+00 4.149602e-01 5.791027e-02 1.014335e-01 1.414623e-01 1.231277e-01 3.280572e-01 3.113549e-01 1.637839e-01 2.485604e-01 6.110528e-01 2.219117e-01 1.867006e-01 1.513660e-01 5.947099e-02
<GCONST> 8.956403e+01
<TRANSP> 5
 0.000000e+00 1.000000e+00 0.000000e+00 0.000000e+00 0.000000e+00
 0.000000e+00 8.922588e-01 1.077413e-01 0.000000e+00 0.000000e+00
 0.000000e+00 0.000000e+00 7.658359e-01 2.341640e-01 0.000000e+00
 0.000000e+00 0.000000e+00 0.000000e+00 7.755814e-01 2.244187e-01
 0.000000e+00 0.000000e+00 0.000000e+00 0.000000e+00 0.000000e+00
<ENDHMM>
~h "ng"
<BEGINHMM>
<NUMSTATES> 5
<STATE> 2
<MEAN> 39
 -2.837448e+00 1.924457e+00 -2.089908e+00 -3.768760e-01 -8.517890e-01 -2.377868e+00 -2.624766e+00 2.804007e+00 1.034551e+00 -2.083981e+00 -3.413395e+00 -1.171923e+00 5.374178e+01 -7.638753e-02 -8.961961e-03 -9.059212e-02 -1.458341e-01 -7.032539e-03 -7.404846e-02 1.325289e-01 1.450208e-01 1.908927e-01 1.462824e-01 9.251143e-02 2.285103e-02 -1.301423e-01 -2.659889e-03 -1.330002e-03 7.225362e-04 -5.700737e-03 -2.167983e-02 1.019287e-03 -7.337760e-04 -3.667944e-02 -3.703350e-02 -6.930701e-03 -1.296717e-02 -5.577449e-03 1.464460e-03
<VARIANCE> 39
 4.608290e+00 2.800393e+01 3.503962e+01 3.872548e+01 2.742552e+01 2.070533e+01 3.198322e+01 2.976618e+01 2.845323e+01 2.652896e+01 1.990971e+01 1.722864e+01 6.138101e+00 3.136696e-01 7.086661e-01 8.803852e-01 1.077548e+00 1.064257e+00 1.291143e+00 1.609760e+00 2.043259e+00 1.817679e+00 1.597168e+00 1.456912e+00 1.251785e+00 1.635317e-01 5.185387e-02 1.068324e-01 1.669310e-01 2.014059e-01 1.899952e-01 2.362118e-01 3.265573e-01 3.930502e-01 3.358634e-01 3.085235e-01 2.866961e-01 2.641868e-01 1.994660e-02
<GCONST> 8.853019e+01
<STATE> 3
<MEAN> 39
 -5.535770e+00 9.806929e-01 -4.513602e+00 -1.572461e+00 -1.490466e+00 -3.215952e+00 -2.995112e+00 7.557634e-01 -1.640628e+00 -2.155618e-01 -3.504398e+00 -1.557987e+00 5.137365e+01 -5.055141e-02 -5.009785e-02 -1.215315e-01 -7.857734e-02 -6.602059e-02 -5.480325e-03 1.253223e-01 1.340180e-01 1.142826e-01 1.080108e-01 8.960952e-02 -2.547183e-02 -2.198441e-01 2.597663e-02 2.032832e-02 1.777206e-02 1.204259e-02 -1.205585e-02 1.891461e-03 -3.190386e-02 -2.022096e-02 2.287642e-03 -2.706901e-02 -1.064417e-02 2.595467e-03 1.156259e-02
<VARIANCE> 39
 6.004306e+00 6.498593e+00 9.877315e+00 1.244491e+01 1.414300e+01 1.909993e+01 1.848846e+01 2.882687e+01 2.541269e+01 2.834957e+01 2.000313e+01 1.599112e+01 3.828307e+00 1.999902e-01 3.916350e-01 5.546172e-01 1.075613e+00 1.173510e+00 1.412839e+00 1.515617e+00 1.567588e+00 1.578854e+00 1.752367e+00 1.860874e+00 1.311586e+00 1.055427e-01 3.298364e-02 6.552663e-02 1.035760e-01 2.219273e-01 2.248410e-01 2.918456e-01 2.908363e-01 2.820478e-01 2.948894e-01 3.748689e-01 3.794895e-01 2.487955e-01 1.643669e-02
<GCONST> 7.988408e+01
<STATE> 4
<MEAN> 39
 -4.920368e+00 8.479225e-01 -5.577124e+00 -1.945146e+00 -3.414094e+00 -3.305007e+00 -3.079385e+00 2.782506e-01 2.091790e-01 1.486310e-02 -3.271752e+00 -2.548908e+00 4.771473e+01 -1.666375e-02 -1.191773e-02 -5.247283e-03 2.484323e-03 -1.836405e-02 -2.573614e-02 -3.445407e-02 -2.205753e-02 3.960906e-03 3.136995e-03 -1.520871e-03 8.453144e-03 -4.364364e-02 -9.555519e-03 1.389210e-03 1.132175e-02 1.814528e-03 7.094860e-03 -5.739089e-03 7.329467e-03 4.159279e-03 -3.077390e-03 7.121790e-03 3.488835e-03 9.804687e-03 1.695339e-02
<VARIANCE> 39
 2.123366e+00 3.814903e+00 5.906260e+00 8.378381e+00 1.111425e+01 1.252290e+01 1.323197e+01 1.835161e+01 1.833706e+01 1.497676e+01 1.175804e+01 1.195875e+01 1.976014e+00 1.546174e-01 2.721295e-01 4.373958e-01 6.001270e-01 9.199538e-01 1.044661e+00 1.172984e+00 1.248179e+00 1.401820e+00 1.187076e+00 1.203871e+00 1.125831e+00 6.487057e-02 3.010658e-02 5.337439e-02 8.801457e-02 1.193131e-01 1.958105e-01 2.117873e-01 2.413658e-01 2.669215e-01 2.963720e-01 2.272832e-01 2.440342e-01 2.227658e-01 1.456934e-02
<GCONST> 6.650176e+01
<TRANSP> 5
 0.000000e+00 1.000000e+00 0.000000e+00 0.000000e+00 0.000000e+00
 0.000000e+00 9.023350e-01 9.766487e-02 0.000000e+00 0.000000e+00
 0.000000e+00 0.000000e+00 9.050390e-01 9.496097e-02 0.000000e+00
 0.000000e+00 0.000000e+00 0.000000e+00 9.645038e-01 3.549622e-02
 0.000000e+00 0.000000e+00 0.000000e+00 0.000000e+00 0.000000e+00
<ENDHMM>
~h "sp"
<BEGINHMM>
<NUMSTATES> 5
<STATE> 2
~s "silst"
<STATE> 3
<MEAN> 39
 -7.457654e+00 -2.529731e+00 -7.607254e+00 -5.241555e+00 -6.779557e+00 -6.542233e+00 -5.694964e+00 -1.349930e+00 -2.082966e+00 -1.169000e+00 -3.747846e+00 -2.513400e+00 5.093218e+01 1.333272e-02 -5.028017e-03 -3.926798e-02 6.945357e-03 5.975111e-02 -6.961671e-02 6.457734e-02 8.806221e-02 1.818398e-02 -2.912949e-02 3.086022e-02 4.880659e-02 1.972518e-01 1.358227e-01 6.053087e-02 1.365860e-01 1.247007e-01 1.135408e-01 1.707906e-01 1.374608e-01 4.841924e-02 6.878218e-02 5.112633e-02 9.118529e-02 5.281867e-02 -7.435931e-01
<VARIANCE> 39
 1.516795e+01 1.645809e+01 2.346729e+01 1.909503e+01 2.590514e+01 2.564197e+01 2.613949e+01 2.816462e+01 2.585930e+01 2.050548e+01 1.846730e+01 1.621387e+01 1.955103e+01 1.133706e+00 1.201367e+00 1.308169e+00 1.213306e+00 1.692080e+00 1.793051e+00 2.136396e+00 2.302758e+00 1.809462e+00 1.986184e+00 1.968765e+00 1.662259e+00 2.051138e+00 2.601549e-01 2.508241e-01 3.166436e-01 2.587784e-01 3.880281e-01 4.055690e-01 4.534966e-01 4.345586e-01 3.647532e-01 4.066418e-01 4.258422e-01 3.450076e-01 1.922500e+00
<GCONST> 1.061308e+02
<STATE> 4
<MEAN> 39
 -5.475465e+00 -9.223943e-01 -6.590308e+00 -2.850350e+00 -4.071672e+00 -4.296073e+00 -3.526839e+00 6.354491e-01 -3.762634e-01 -3.247734e-01 -2.961790e+00 -1.337453e+00 4.871913e+01 4.611247e-03 2.047409e-02 2.256028e-02 2.796756e-02 3.025909e-02 4.820358e-02 4.175745e-02 3.000948e-02 2.197949e-02 2.956668e-02 1.312098e-02 2.074052e-02 -6.108089e-02 -6.506591e-03 8.680493e-04 3.085585e-03 -6.027904e-04 2.125104e-03 -3.468937e-03 -7.501533e-03 -4.503662e-03 -9.510349e-03 -9.205742e-04 -1.024386e-02 -1.209204e-03 -3.523498e-04
<VARIANCE> 39
 4.681748e+00 9.280224e+00 1.089023e+01 1.176013e+01 1.448064e+01 1.619417e+01 1.723422e+01 2.180288e+01 2.205657e+01 1.879972e+01 1.695538e+01 1.493280e+01 5.165387e+00 2.761937e-01 3.983047e-01 6.141123e-01 7.959658e-01 1.026748e+00 1.142330e+00 1.326936e+00 1.428426e+00 1.436939e+00 1.454206e+00 1.431509e+00 1.209885e+00 1.993174e-01 5.629102e-02 7.631971e-02 1.199031e-01 1.558469e-01 2.084440e-01 2.250196e-01 2.609870e-01 2.828347e-01 2.883235e-01 2.950255e-01 2.883702e-01 2.459916e-01 3.586220e-02
<GCONST> 7.890641e+01
<TRANSP> 5
 0.000000e+00 7.000000e-01 3.000000e-01 0.000000e+00 0.000000e+00
 0.000000e+00 5.520314e-01 4.479686e-01 0.000000e+00 0.000000e+00
 0.000000e+00 0.000000e+00 7.788119e-01 2.211881e-01 0.000000e+00
 0.000000e+00 0.000000e+00 0.000000e+00 9.739668e-01 2.603317e-02
 0.000000e+00 0.000000e+00 0.000000e+00 0.000000e+00 0.000000e+00
<ENDHMM>
~h "sil"
<BEGINHMM>
<NUMSTATES> 5
<STATE> 2
<MEAN> 39
 -4.868914e+00 1.470733e-01 -3.383660e+00 -1.157899e+00 -1.956626e+00 -2.179959e+00 -1.606269e+00 1.879498e-01 -5.839773e-01 4.148996e-01 -2.092203e+00 -8.462931e-01 3.669571e+01 -9.543033e-01 -4.889182e-01 -7.406025e-01 -6.535121e-01 -6.972106e-01 -7.515218e-01 -6.959244e-01 -2.391771e-01 -3.937519e-01 -9.518678e-02 -2.559370e-01 -1.327617e-01 4.249287e+00 1.031130e-01 -6.593419e-02 -6.727061e-02 -6.435149e-02 -1.088443e-01 -9.086956e-02 -1.259023e-01 -8.177938e-02 -8.142553e-02 -9.195668e-02 -1.838121e-02 -5.856403e-02 4.580438e-03
<VARIANCE> 39
 1.707460e+01 8.737022e+00 1.861564e+01 1.609669e+01 1.536600e+01 1.759293e+01 1.949839e+01 1.447712e+01 1.606936e+01 1.637639e+01 1.433669e+01 1.258860e+01 4.737415e+02 1.485719e+00 1.162655e+00 3.295500e+00 1.782369e+00 2.648203e+00 2.548113e+00 2.792337e+00 2.047138e+00 1.808507e+00 1.492530e+00 2.078409e+00 1.533055e+00 3.492450e+01 1.775478e-01 1.463794e-01 2.791458e-01 2.235160e-01 2.894790e-01 3.049930e-01 3.485965e-01 3.082683e-01 2.718942e-01 2.916326e-01 2.899390e-01 2.408053e-01 9.270290e-01
<GCONST> 1.058769e+02
<STATE> 3
~s "silst"
<STATE> 4
<MEAN> 39
 -5.449540e+00 -8.772200e-01 -6.747519e+00 -2.924397e+00 -4.183406e+00 -4.303800e+00 -3.614321e+00 4.860938e-01 -3.858051e-01 -3.733325e-01 -3.031766e+00 -1.492947e+00 4.851571e+01 1.483318e-02 2.723696e-02 1.286895e-02 2.732692e-02 3.030788e-02 4.695326e-02 5.292040e-02 3.520377e-02 3.046544e-02 1.897129e-02 3.743535e-03 1.854119e-02 -7.193994e-02 -1.899868e-02 1.838598e-03 1.247834e-02 4.280917e-04 8.921831e-03 -1.025965e-03 -1.494925e-03 -1.911096e-03 -8.822507e-03 6.664336e-03 -8.942233e-03 4.238105e-03 9.346130e-03
<VARIANCE> 39
 4.035341e+00 8.672662e+00 1.021194e+01 1.109527e+01 1.418652e+01 1.574429e+01 1.681396e+01 2.153756e+01 2.160182e+01 1.813939e+01 1.667322e+01 1.462794e+01 4.549312e+00 2.305704e-01 3.611719e-01 5.645927e-01 7.400281e-01 9.807552e-01 1.096828e+00 1.267252e+00 1.393437e+00 1.419633e+00 1.426011e+00 1.403931e+00 1.196268e+00 1.646762e-01 4.653002e-02 6.855111e-02 1.097738e-01 1.449220e-01 1.970388e-01 2.168341e-01 2.480576e-01 2.745097e-01 2.839490e-01 2.858945e-01 2.830578e-01 2.420697e-01 2.903767e-02
<GCONST> 7.648972e+01
<TRANSP> 5
 0.000000e+00 1.000000e+00 0.000000e+00 0.000000e+00 0.000000e+00
 0.000000e+00 4.411052e-01 3.251985e-01 2.336963e-01 0.000000e+00
 0.000000e+00 0.000000e+00 7.543920e-01 2.456080e-01 0.000000e+00
 0.000000e+00 1.319491e-02 0.000000e+00 9.598258e-01 2.697934e-02
 0.000000e+00 0.000000e+00 0.000000e+00 0.000000e+00 0.000000e+00
<ENDHMM>
