   1           "sp"  420  497.612213 760.040222 2167.704590
   2        "k-u+c"   15   46.682251  29.907938  51.737209
   3        "a-m+b"   15   30.456982  22.248772  20.225769
   4        "a-n+j"   15  112.817177 101.138168  67.092529
   5        "n-j+i"   15   71.720985  54.154907  66.299049
   6        "a-p+a"   30   45.525379 114.070793 207.473373
   7        "a-p+i"   15   59.868767  30.312305  24.814314
   8        "a-r+a"   30  128.922241 184.289307 544.380798
   9        "a-y+a"   15   83.324768  37.312267  58.465996
  10       "b-i+ng"   15   34.670341  33.580765  31.959621
  11       "j-i+ng"   15   34.486626  26.318329  23.540762
  12          "a+n"   15  118.361557  86.094818  69.339096
  13          "a+p"   30   52.433983  76.519638  87.900635
  14          "a+y"   15   99.718864  79.073845  49.212578
  15          "a-m"   15   55.146938  68.722885 139.178833
  16          "a-r"   15   52.155231  29.695911  32.571480
  17          "a-t"   30  263.933289 240.504105 211.452560
  18        "m-b+i"   15   72.781555  52.171467  46.860287
  19          "i+t"   30   44.520969  51.427719 118.090240
  20          "k+a"   15  139.696198  47.376316 253.538132
  21          "k+u"   15  180.194885  45.051926 186.769089
  22          "l+i"   30  111.943649 188.608200 554.541016
  23          "p-a"   30   90.011917  62.619156  48.581985
  24          "p-i"   15   31.795771  26.423128  19.801186
  25          "r-a"   30  198.595901 115.557693  71.903854
  26          "s+a"   15   24.033962  28.353733  23.788368
  27          "s+u"   30  173.612961 151.745789 372.818115
  28          "t-u"   30  292.415344  95.595108 139.198639
  29          "u+l"   15  112.106079  71.375946  71.274872
  30          "sil"  180  268.067108 497.612213 3984.902588
  31        "s-a+p"   15   74.004814 134.613190 152.024445
  32        "s-u+a"   30   78.876251  86.794456 217.485092
  33        "i-h+a"   30   86.305527 102.884666 198.869507
  34        "i-t+u"   30  248.694214 209.826294 334.981750
  35        "l-a+r"   15   40.683556  45.801838  68.028198
  36         "i-ng"   45  337.367157 598.845093 1276.858032
  37        "y-a+m"   15  104.600967  83.776421  80.705093
  38        "l-i+h"   30   48.623432  45.190697  63.820637
  39       "c-i+ng"   15   56.402382  41.706142  31.869423
  40        "h-a+t"   30  134.305191 135.228653 157.133774
  41        "u-a+r"   30   51.908260  39.912819 117.085114
  42        "u-c+i"   15   98.223595  80.042046  76.850174
  43        "u-l+a"   15   33.385422  23.408316  22.017841
  44        "k-a+m"   15  103.745811  40.197140  60.920448
